     NLP  ITN     682    Excess itns   NINF      0      OBJ   7.308834825229E+00
OBJ=         RHS=         RNG=         BND=         M=      1 N=    448 SB=  445
22222222222222222222222222222222222222222222222222222222222222222222222222222222222222222222222222222222222222222222222222222222222222222222222222222222222222222222222222222222222222222222222222222222222222222222222222222222222222222222222222222222222222212222222222222222222222222222222222222222222212222222222222222222222222222222222222222212222222222222222222222222222222222222222222222222222222222222222222222222222222222222222222222222222222223
      10   -7.81809285197043E-03
       9   -8.16642801325151E-03
       8   -7.96210127441485E-03
       6   -8.57966010215754E-03
       7   -8.54018308253206E-03
     112   -6.83569813278218E-03
     159   -3.04118097144592E-03
      11    1.02573113193523E-02
      12    1.09954017552190E-02
      13    1.07623880774961E-02
      14    1.13884671346021E-02
      15    1.14779570877368E-02
     184    5.56162784417669E-02
     188   -7.65448305882503E-03
     160   -4.92007026272088E-02
      29   -5.00053329668124E-02
      31    5.93791316154330E-02
      28   -9.42317840461648E-02
     175    8.50756391934219E-02
      27   -1.16570783026261E-01
     118    1.71297034747827E-01
      30   -1.37588835716754E-01
      16    1.30975145145688E-01
     120   -3.17668873427415E-02
      21    1.38709119893268E-01
     181   -1.40100617516148E-01
     140   -1.64208382706160E-01
     166   -2.14064318729496E-01
     117   -2.26550508205751E-01
     187    2.42829947818749E-01
     180    2.40008238444741E-01
      58   -2.75384416193307E-01
     176    2.85787939223344E-01
     119   -2.78116196324153E-01
      17    3.31036339110363E-01
      20    3.52365521621076E-01
     152    3.91895951499490E-01
      25    3.62689756738344E-01
      23    3.73523457833030E-01
      18    3.86908430682220E-01
      19    3.88854769532331E-01
      24    3.93810835215277E-01
      22    3.95343141670955E-01
      32    3.98296802983455E-01
      26   -4.29261304006250E-01
     174   -4.31044588112616E-01
     136   -4.26872231591309E-01
       2    4.27791615278276E-01
     407    4.54526623410588E-01
      62    6.14734923822173E-01
      36    5.26206014587482E-01
     123    5.41449185649369E-01
     143    5.64586077576405E-01
      63    3.83742560019176E-01
      46    5.75643271395504E-01
     104    5.79862337003546E-01
     229    6.12803346203416E-01
     144    5.92203295804978E-01
     138   -6.21526306891442E-01
     128    6.47704689599553E-01
     186    6.61578167387235E-01
     151    6.80045136238622E-01
     124    5.35724128689169E-01
     182   -7.08923871602312E-01
     405    7.36430272055700E-01
      37    7.56978097556128E-01
     433    7.82684622048912E-01
     121   -7.94276586811834E-01
     378    9.77376687900378E-01
     391    8.45036861217611E-01
     386    8.53516211121903E-01
     173    8.54747271646462E-01
      33    8.56574257189932E-01
     412    8.83702400248495E-01
      35    8.81524405980288E-01
     106    8.77915767040492E-01
     357    8.89420588261089E-01
     125    9.29571640546665E-01
      34    9.19673752259991E-01
     101   -9.33124111478560E-01
     107   -9.44668369202869E-01
     131    9.39660756324275E-01
     132    8.24184311557298E-01
     155    9.36776892767158E-01
      92    9.78191172509346E-01
     130   -9.92294154742939E-01
     292    9.91962126278862E-01
      98   -1.00690862695116E+00
     178    2.65912143622197E+00
     153    2.65786081038641E+00
      85   -1.42745998705048E+00
     208    2.91269465691694E-01
      87    7.36599794016736E-01
      86   -4.03338933891071E-02
      88   -8.52701178312765E-01
      90    3.65808684303325E-01
     201   -4.67615594196558E-01
      96   -9.82536667044124E-02
     203   -6.95435295124146E-02
      91   -5.69561543344514E-02
      99    3.22566679540493E-01
     319    2.44843982328358E-02
     215    3.48261732281323E-02
     288    4.14223187288336E-02
     289    8.67302818446491E-02
     218    2.30310898628928E-01
     217    1.03918659309820E-01
     323    1.07873061457716E-01
     277    2.38938652676218E-01
     213    1.67904209295350E-01
     205    1.92477858174708E-01
     207    1.18539420514711E-01
     346    2.33829758995228E-01
     327    2.54070442059462E-01
     227    2.54195394520278E-01
     275    3.36468163286381E-01
     279    3.00283022196985E-01
     328    3.71277286231777E-01
     258    4.35603371453213E-01
     202    3.96236868856058E-01
     269    4.79983663892710E-01
     307    5.04930708835677E-01
     325    4.59842293387250E-01
     320    5.05607869222047E-01
     265    5.05621467629697E-01
     334    5.05555786104417E-01
     330    5.28653355031866E-01
     261    5.13258921707452E-01
     272    5.59068674470843E-01
     226    5.17326166751889E-01
     315    5.21697325111297E-01
     270    3.13370934594528E-01
     287    5.94749133319086E-01
     336    5.57715620050891E-01
     314    5.17878950978070E-01
      75    1.89828861793219E+00
     333    4.84924384277159E-01
     338    5.29824828635054E-01
      83    1.33136702535757E+00
     311    5.45990572368303E-01
     332    6.33296256717147E-01
     271    5.93143488449663E-01
     326    6.01479941770545E-01
     310    6.11100427239167E-01
     348    6.51365607949104E-01
     329    6.54788814952326E-01
     290    6.64235239679468E-01
     283    6.70718667124232E-01
     291    6.92944946056034E-01
     337    6.58445863559064E-01
     308    6.82654823402158E-01
     303    6.98905922685996E-01
     225    6.98621709194102E-01
     282    7.07941763174824E-01
     335    6.93542408111722E-01
     295    6.91587394810109E-01
     339    7.98610530145967E-01
     274    7.82746207379970E-01
     255    8.81092199785619E-01
     309    6.80688565067618E-01
     221    8.30194446755225E-01
     206    8.26676051677732E-01
     234    1.44987717595389E+00
      73    1.62946923432628E+00
      66    1.51547005335890E+00
     224    9.08483555924651E-01
      79    2.37822202023121E+00
      68    1.80268940978209E+00
     214    9.87754333809620E-01
      72    1.79378371856048E+00
      70    1.72963800723325E+00
     304    8.96745681281466E-01
     263    9.05625878897859E-01
     249    1.37317111933176E+00
     257    8.46237062169331E-01
     368    2.13259141975642E+00
     223    8.87213437493474E-01
     260    9.36213435451851E-01
     392    1.82967631677467E+00
      74    1.61371857776327E+00
     360    2.49373258276069E+00
     354    2.75907362399842E+00
      78    1.52484795660742E+00
     372    1.27673266821635E+00
      69    1.49736075892411E+00
     369    1.42350304935685E+00
      77    1.69460671623710E+00
     373    2.78685286029249E+00
     133   -1.92448437227026E+00
     388    1.10920254096360E+00
     233    2.68301736393855E+00
     115    2.03389472094131E+00
     259    9.76559802062693E-01
     340    9.82534981751546E-01
     294    9.91526207674477E-01
     177    1.52971999210940E-01
     428    5.08937518366444E-01
     179    8.35248931446337E-01
     164    9.00535989168667E-01
     163    1.06986565932391E+00
     156    1.06403403630344E+00
     126   -1.00585342406177E+00
     108    5.78579289168801E-01
     402    1.24825862515889E+00
      93    8.89571940999534E-01
      82    1.43654743104006E+00
     209    1.51875762566122E-01
     268    3.35292286311305E-01
     212    6.76318999223650E-01
     210    8.53740899790838E-01
     211    8.85961293211704E-01
      84    1.52239531678879E+00
     204   -6.05998051852957E-03
     238    1.28205545960986E+00
     222    1.46273111343544E-01
     216    4.49492160392318E-02
     236    1.09249827795582E+00
     356    9.70085820197602E-01
     276    3.89484994752642E-01
     306    5.28003010090623E-01
     331    7.09820371054774E-01
     278    6.23013618978440E-01
     376    2.32771752383356E+00
      61    2.03523033490052E-01
     366    5.36372391517410E-01
      65    4.64828107783860E-01
      64    4.77933688096049E-01
     404    2.65498080473413E+00
     312    7.87199628284118E-01
     244    2.62741949672026E+00
     426    2.63174377684000E+00
     427    2.67750874341010E+00
     374    2.79592248054646E+00
     353    2.81527436429166E+00
     396    2.80510266812697E+00
     284    9.96895414832450E-01
     347    9.87860579762980E-01
     381    2.81229834879895E+00
     305    9.82405858200155E-01
     425    2.81750280024426E+00
     432    2.75414555089169E+00
     281    9.92618755656922E-01
     254    9.50712003487940E-01
     351    9.92230376245032E-01
     297    9.92987434804481E-01
     273    9.94736319282413E-01
     267    9.91862517345745E-01
     318    9.92863589193052E-01
     349    9.92407273591097E-01
     350    9.92464703515044E-01
     342    9.92650234277595E-01
     264    9.92640110258749E-01
     296    9.92535665769289E-01
     280    9.92644621186684E-01
     316    9.92651922178075E-01
     321    9.92651965430691E-01
     322    9.92652061480102E-01
     286    9.92648216220524E-01
     285    9.92679117321575E-01
     317    9.92415699010450E-01
     299    9.92714406450642E-01
     344    9.92713725907143E-01
     324    9.93078630676382E-01
     345    9.92667713637273E-01
     262    9.57090167831258E-01
     293    9.91833140035098E-01
     298    9.93305562106087E-01
     300    9.93278936699486E-01
     313    9.87458068523017E-01
     220    9.92899505265788E-01
     266    9.94704786748466E-01
     219    9.94080221273614E-01
     341    9.99620636756634E-01
      71    1.54413259021391E+00
     389    2.82582761252951E+00
     436    2.44555648347623E+00
      67    1.89300878624185E+00
     406    1.14617669729425E+00
     105    2.01338872611827E+00
     172    4.67999519471826E+00
     371    2.28481392178121E+00
     158    1.56564303449208E+00
     435    1.04801390092748E+00
     363    2.01524635781387E+00
     398    2.74952145742077E+00
     409    1.68025197414190E+00
      81   -1.26180848053062E+00
     355    1.44146401725055E+00
     161    2.17505856374559E+00
      41    1.02584641060232E+00
     200    1.00065117157233E+00
     154    1.86963750464008E+00
     302    9.93580411175104E-01
     150    1.37614054047450E+00
      89   -1.32685661747507E+00
     411    1.39761593384525E+00
     100   -1.37494238112661E+00
     401    1.13146407698547E+00
     148    3.97587656896184E+00
     434    1.96314127320270E+00
     237    2.07840591017646E+00
     247    1.55738762332573E+00
     399    2.05771602489999E+00
     438    2.81852822904925E+00
     185   -1.32939803031547E+00
     429    1.49165598536969E+00
      76   -1.23191932732120E+00
      97    9.79387091389858E-01
     190   -2.11626666942524E+00
     364    1.31825219354757E+00
     352    1.69129013818993E+00
       5   -1.67191994393801E+00
     232    1.07695442410595E+00
      80    1.19112215212114E+00
     198    1.25465685532047E+00
     377    1.15731643864009E+00
     240    1.32400702989712E+00
      51   -2.64568497808597E+00
     379    1.87088485050372E+00
      56   -2.71429392241077E+00
     383    1.48683506730673E+00
     375    1.35282666832292E+00
     253    1.60447241512352E+00
      39    1.89339715357292E+00
      40    1.87168419063598E+00
     235    1.91778690377692E+00
     362    1.73726991593925E+00
     127    2.49238665197627E+00
     370    2.12418663591253E+00
     380    1.97884065320731E+00
     102    1.28539103515043E+00
       4   -9.01911983411511E+00
     361    1.82868625109681E+00
     239    2.76972589397623E+00
     367    2.19951336338151E+00
     228    2.44991403304995E+00
     246    2.09356534632526E+00
     395    2.82414951192721E+00
     414    2.82358392127588E+00
     192   -2.36775104978132E+00
     439    1.98332251705349E+00
     394    2.82196588787218E+00
      42    1.80720630479242E+00
     393    1.93963801521505E+00
     141    3.29582198563243E+00
     403    1.64844474419486E+00
     122    1.64062802801746E+00
     149    2.83284599451981E+00
     387    1.88528828879624E+00
     419    2.37453367548599E+00
      44    2.90938691481041E+00
     194    2.48577308062914E+00
     397    1.91668294340692E+00
     410    2.13127872679980E+00
      38    1.90956140262956E+00
     251    2.81711375788176E+00
     421    1.85789311656597E+00
     445    2.57608061029140E+00
     139    2.95844995376372E+00
     415    2.07757591595225E+00
     400    2.81567174609292E+00
     448    1.82149164693613E+00
     241    2.79546997996557E+00
     382    2.82296957227116E+00
     446    2.20128510818479E+00
     242    2.82331581482316E+00
     441    2.82296741399309E+00
     447    2.57644033992514E+00
     431    2.82289952381758E+00
     385    2.82302270736907E+00
     418    2.82291565776501E+00
     413    2.82291562207340E+00
     416    2.82302275462341E+00
     358    2.82294913322163E+00
     443    2.82291557301056E+00
     420    2.82377614034811E+00
     417    2.82377669676823E+00
     442    2.82302094932174E+00
      95   -2.27983965213866E+00
     191    2.89743838854185E+00
     437    2.82288414671664E+00
     189    3.30465147350070E+00
      45    2.81948602150047E+00
      43    2.80169633555903E+00
     142    4.16080134768007E+00
      94   -1.81144558058202E+00
     243    2.82316745103476E+00
     424    2.81955496422511E+00
     109    4.04593410182344E+00
     111    3.99970745982559E+00
     197    3.39852092454338E+00
     365    2.68555878188724E+00
     137    3.41188799762687E+00
      49    3.91775121759413E+00
     169    3.66700182734320E+00
     230    2.78470796581462E+00
     250    1.84523902193693E+00
     157    1.23231399319433E+00
       1    1.92515461678179E+00
     116    1.72199934662981E+00
     231    1.77258750951741E+00
     390    2.81989090091249E+00
     423    2.82175009803726E+00
     422    2.82127053349239E+00
     252    2.39137002161404E+00
     245    2.82188607745179E+00
     196    2.25943613643951E+00
     359    1.83674195258722E+00
      57    3.04612380839379E+00
      47    2.67443379304582E+00
     248    2.82233366590931E+00
     384    2.82051550878252E+00
     444    2.82409081290443E+00
      48    3.85595070021734E+00
      52    3.20309709196986E+00
      53    4.79438409240542E+00
       3   -4.36864442460184E+00
     408    2.60370042100488E+00
     167    3.58115834899543E+00
     145    3.33895135011537E+00
      50    3.88630804383488E+00
     146    4.07654374458704E+00
     168    3.99950792822128E+00
     183    3.99953083008975E+00
     199    3.96633367914495E+00
      59    5.11933452723262E+00
     195    4.07682074111515E+00
     162    4.20276315005874E+00
      54    4.92301881066509E+00
     193    4.22998778870739E+00
     103    3.99662208902804E+00
     147    4.78048642040942E+00
     110    4.57650174142774E+00
      55    4.90544529963295E+00
      60    5.88122012410946E+00
     134    4.99700754691578E+00
     171    4.99702880861202E+00
     114    4.99700653004269E+00
     170    4.99702890237575E+00
     165    4.99702894434935E+00
     113    4.99701039066689E+00
     129    4.99702916785005E+00
     135    4.99703076072172E+00
     430    2.06610020448249E+00
     440    2.82714093672290E+00
     256    9.76056598599160E-01
     301    9.95414802510392E-01
     343    9.99990904913446E-01
       0
