            Variable                     Coef                 Gradient                     s.e.
MUE_01                 3.2843663513037775E+00  -1.4086334219631469E-01   2.8441871583915493E-02
MUE_02                 8.0795017826671900E-01  -5.4614357778080956E-02   2.3515684191891220E-02
MUE_03                -4.7182464882163684E+00  -3.0870812743633447E-02   4.7150053938287709E-02
MUE_04                -9.6039754248843128E+00   4.5666945672687989E-02   4.4392625828043784E-02
MUE_05                -1.8590789577579039E+00   1.6717831266667108E-02   5.9853956432887379E-02
INVCDia01              5.1064378695073998E-01  -4.5105185867648075E+01   3.8280284254509084E-04
INVCDia02              4.9912269936044795E-01  -6.5844299772843906E-01   2.1318021148491000E-04
INVCDia03              5.2219259880217739E-01  -1.9509973397308148E+01   3.8317792182486704E-04
INVCDia04              4.5107525126241177E-01  -2.7469911059178614E+01   4.4927854185717746E-04
INVCDia05              4.2335592077945716E-01  -2.7641234209305665E+01   5.3761706096434078E-04
INVCOffDi01            1.5194203028518403E+00  -2.7635423968572663E+01   3.9667226012502415E-04
INVCOffDi02            1.7968403852981858E+00  -3.3451467120428826E+00   8.4449515227188392E-04
INVCOffDi03            1.7926734161342097E+00  -2.9373281811449036E+01   9.1197936854705728E-04
INVCOffDi04            1.5182420156063690E+00  -2.8403036588830030E+01   1.0193313192308699E-03
INVCOffDi05            1.7219714208480346E+00  -1.4937609649794416E+01   1.1574846148633686E-03
INVCOffDi06            1.6011213421102188E+00  -1.6310046475730061E+01   8.6406464797205177E-04
INVCOffDi07            1.7698753319669773E+00  -3.0289481430781635E+01   8.7934148411758029E-04
INVCOffDi08            1.5883491443014870E+00   5.9024021295700191E-01   1.4094984718204455E-03
INVCOffDi09            1.6131936058614467E+00   2.6829004048692688E+00   8.4457051304886056E-04
INVCOffDi10            1.8216875573804567E+00   9.3036649121960269E-01   6.9142248687923454E-04
  BC_beta01            3.9999081675452275E+00  -1.1790451814492671E+00   2.7987840471735918E-03
  BC_beta02            5.6388671066277296E-01  -2.8950962315583921E+00   2.9864202464426376E-03
  BC_beta03            2.0805668954659069E+00   2.3123223708186078E+00   2.5109320760602114E-05
  BC_beta04            8.8695508554409297E-01  -2.9367307223321482E-01   3.5229026617394840E-03
  BC_beta05           -9.4807292127106879E-01   4.5567684757668453E-01   1.4607203275290072E-03
  BC_beta06            5.4104705798408259E-01   3.5804231833099984E+00   2.2805151144704799E-03
  BC_beta07            4.0463768206131423E+00  -2.6872622989401258E-03   2.4224756667945871E-01
  BC_beta08            4.5770021942658001E+00   8.0497121797336850E-05   1.6271643881976690E+01
  BC_beta09            4.0000437403393212E+00   3.3497142138054683E-03   2.8134912644634386E-01
  BC_beta10           -9.4246756606870992E-03   3.0816050613261742E-01   6.3322290307481471E-03
  BC_beta11            4.9989724744645470E+00   1.6606690970513792E-07   1.6262057478497996E+02
  BC_beta12            4.9989716120649614E+00  -2.6842488780914226E-07   1.3995451152609587E+03
  BC_beta13            2.0357655812110380E+00  -1.2281984419633607E-03   8.5854229779579766E-02
  BC_beta14            1.7244828588773453E+00  -3.7691245479180898E-03   5.6165247527796648E-02
  BC_beta15           -2.3746660679218459E-01  -1.5816810368268991E-01   2.1554511821199689E-03
  BC_beta16            1.1059490954646120E-01  -3.8839244474343820E-01   2.3857146175859782E-03
  BC_beta17           -3.2367667430929292E-01  -9.2055779104367186E-01   2.0099856692297620E-03
  BC_beta18           -1.2753117898702229E-01  -1.1433747940095960E+00   9.5671070696045322E-04
  BC_beta19           -8.0006054994484643E-01  -3.0528418315262579E-01   2.3688508062042505E-03
  BC_beta20            1.6419160868733307E+00   1.0152117138974644E-01   8.9121049688424808E-03
  BC_beta21            5.3437461290725841E-01  -3.2437760612818896E-02   3.5330988091026318E-03
  BC_beta22            6.7454027575815423E-01   2.3702701206001137E-01   1.3612108493288097E-04
  BC_beta23            8.9806884018582001E-01   7.5360179103549874E-01   2.3713535248261622E-03
  BC_beta24           -1.0536095032218271E+00  -1.4687355445807937E+01   2.1535679754031080E-03
  BC_beta25            2.4935447827399981E+00  -6.1259232879387462E-02   2.5013934380333818E-02
  BC_beta26            6.6518461631868653E-01   2.6477468307084695E-01   2.7656574954583887E-03
  BC_beta27            4.9999074706225688E+00  -1.0887318491203251E-06   9.2334889734688170E+02
  BC_beta28           -9.9401221455648725E-01   9.4624636821116388E-03   7.4808446842325460E-03
  BC_beta29            9.3794481244823702E-01  -3.0491214591484355E-03   2.6276446924218207E-02
  BC_beta30            8.2410257589482128E-01   2.7870021201355792E-03   1.0974926712673054E-02
  BC_beta31           -1.9240678415848340E+00  -8.1613575944778291E-03   1.3240711354456602E-02
  BC_beta32            4.9999090371243868E+00  -1.4534138821250106E-05   2.2459235340264394E+00
  BC_beta33            4.9999090652555402E+00  -7.8417494620227078E-05   2.8632068526918616E+01
  BC_beta34           -4.3893098602001651E-01   6.6789256943343464E-02   5.5791428436375119E-03
  BC_beta35            3.4125582135993953E+00  -9.2629682779616059E-05   1.2539554042443972E+00
  BC_beta36           -6.4287363660475305E-01  -6.7546247434755152E-02   3.2011266204374509E-03
  BC_beta37            2.9589248192278657E+00  -9.3006854941904502E-03   9.4872287086153001E-02
  BC_beta38           -1.7902273526577189E-01   1.8254895096289102E-02   3.9339497870041831E-03
  BC_beta39            3.2985868220568011E+00   3.3256154618659050E-03   3.0688746751420781E-01
  BC_beta40            4.1634572722594489E+00  -8.0844491891860707E-04   7.6347336125948440E-01
  BC_beta41            5.6472428052437518E-01   1.0561422415671273E-02   1.6962358677255662E-02
  BC_beta42            5.8891725622585345E-01   2.5853283089456947E-02   5.6732216176183783E-03
  BC_beta43            3.3394950536107642E+00  -7.8179005642748690E-05   1.9385475521101441E+03
  BC_beta44            4.0771956204020405E+00  -5.3039147878734014E-04   2.8964984334317228E+02
  BC_beta45            4.7814922217386133E+00  -4.0695981920431164E-03   8.5126381826578267E+01
  BC_beta46            3.9978403208147228E+00  -2.9544932037442875E-02   5.3016832459095674E+01
  BC_beta47            2.8335109614791225E+00  -1.0850544566943293E-02   2.8104696375669556E-02
  BC_beta48            1.3841641072486417E+00  -2.9327202531514496E-02   2.5700824628705071E-02
  BC_beta49            6.7227914994898574E-01   2.0366966575046411E-01   9.2062098302041345E-03
  BC_beta50            3.4665817900205720E-01   1.3847108320354690E-01   5.3643802327926482E-03
  BC_beta51            2.6479360797655351E+00  -1.3346143869777069E-02   3.6682746739959048E-02
  BC_beta52            1.8705195906558625E+00  -2.9273227203616223E-02   1.1556410371801674E-02
  BC_beta53            9.2779992034344472E-01   1.4157139421595870E+00   6.3706207749699541E-03
  BC_beta54            1.0227091441391187E+00  -3.1897563696366699E-01   2.4974793740724214E-03
  BC_beta55            1.2359855329714888E+00  -2.4515425216187987E+00   6.7177077924971745E-03
  BC_beta56            1.5627916370622486E+00   1.2024131456841741E-01   1.4595444427393245E-02
  BC_beta57           -3.2925128176028599E-02  -2.5808675545322362E+00   4.7506983023572766E-03
  BC_beta58           -5.0443589752632897E-02  -2.2353823030796846E-01   1.8751019360574168E-03
  BC_beta59            2.1770469118855971E+00  -2.1190613728183524E-02   2.1438744167007924E-02
  BC_beta60            4.2033390363255796E+00  -1.0694830681794550E-02   1.3359660934740475E-01
  BC_beta61            1.0427437831141446E+00   7.3229462474706233E-03   5.7603700177141981E-03
  BC_beta62            8.4822728488058419E-01   1.5747066726817088E-01   2.2197825823005628E-03
  BC_beta63            4.9999095084971854E+00  -2.5383606834028793E-06   8.0901045738165540E+03
  BC_beta64           -2.1784146830572221E-01   1.3310609763655652E-03   3.9413374150054359E-02
  BC_beta65            3.5819104223834577E+00   1.1534270110638979E-03   2.6228849493040647E+00
  BC_beta66            4.0000946225862686E+00  -3.1300388419632533E-05   2.6646116871322342E+01
  BC_beta67            3.6676257570861432E+00   1.8236941767360903E-05   6.0274285620020635E+01
  BC_beta68            4.9999095013624748E+00   4.1036101909225753E-07   2.2721238192446534E+04
  BC_beta69            4.9999094889147528E+00  -3.2957841565206428E-06   1.2161500458401741E+04
  BC_beta70            4.6802516986385356E+00  -6.0272320184418295E-07   2.3333170744025206E+03
  BC_beta71            8.5239584356242026E-01  -7.3872427577831310E-03   2.1416765149417039E-02
  BC_beta72           -4.3040241772538917E-01   1.4377908029764480E-01   4.4663381797246226E-03
  BC_beta73            8.4108250138683796E-02  -4.1440258978727641E-02   7.8881464957054389E-03
  BC_beta74            2.8753661605395781E-01  -4.0565869912293835E-02   3.7132205831960281E-03
  BC_beta75            1.1685827284361790E-01   5.4630667244295959E-02   2.3522287432773585E-03
  BC_beta76            2.6394032951945738E+00   4.3838305700718647E-03   4.3785995308869528E-02
  BC_beta77            7.9948156641939838E-01   3.5030153532745439E-02   5.0299172287962901E-03
  BC_beta78            2.1876238161389910E-01  -1.1001672034215504E-01   9.9484980115507990E-04
  BC_beta79           -1.7171272146414129E-01   9.7622853706098526E-03   5.7526591239898256E-03
  BC_beta80           -7.2282175353313849E-01   7.5844806464269382E-03   7.5459332341479488E-03
  BC_beta81            4.0000954979224455E+00   2.5146456085413843E-04   2.3116839869125578E+00
  BC_beta82            1.2885356715145400E-02   1.0366186675976559E-01   5.2479841143526539E-03
  BC_beta83           -1.3430746884506428E+00  -9.8334286160573728E-02   3.5153520895224609E-03
  BC_beta84            6.5881866742931017E-01  -4.1122847805164411E-02   5.1965096121151409E-03
  BC_beta85            2.3934537418385221E-01   2.5899411109505426E-02   3.2736104012847348E-03
  BC_beta86           -5.8921840924036503E-02  -4.6982168089707823E+00   9.7375075890581244E-04
  BC_beta87            3.3052535820370128E+00  -1.4188375366209035E-04   6.9447995359953640E-01
  BC_beta88           -2.1183003583910733E+00  -1.3675732591969214E-02   4.1504041965359513E-02
  BC_beta89            2.8982002295190892E+00  -3.2184998493720745E-03   1.6538764485448094E+00
  BC_beta90           -2.3667372688193806E+00   2.5649662873059092E-03   6.9822498497868313E-02
  BC_beta91            4.2305687882561500E+00  -1.0437639643670511E-03   2.6513564282404820E+00
  BC_beta92            2.4866555886417596E+00  -1.5184426253501989E-02   9.1112641229841876E-02
  BC_beta93            4.0773990425735889E+00  -7.9921732588117969E-06   4.2176391380164603E+01
  BC_beta94            2.2599039209608058E+00  -8.1897110449944618E-03   1.0179271801267403E-01
  BC_beta95            3.3992064897675442E+00  -3.4110126564603389E-03   1.2243581736321525E+00
  BC_beta96            1.2528131999485121E+00   1.2637466586058060E-03   4.1416834117346958E-02
  BC_beta97            3.9669022973418531E+00   2.0643870573998097E-03   1.1510486115861969E+00
  BC_beta98            1.0082511996413417E+00  -6.8412461769728650E-01   1.1926495060369592E-02
 BC_CDiag01            9.9925213682130165E-01  -6.8056807514909945E-02   1.3628445998698706E-03
 BC_CDiag02            8.1292804531376517E-01   1.5840058733939433E-01   2.8529829022375247E-03
 BC_CDiag03            9.9768400028976734E-01  -5.6033307429175738E-01   2.0451609704290731E-04
 BC_CDiag04            9.2596125192904355E-01   5.3579477112537199E-01   2.9785384234575418E-03
 BC_CDiag05            4.4051419274942866E-01  -1.2701812397680859E-01   2.5076283363684232E-03
 BC_CDiag06            9.9688349114345731E-01  -3.2178722439014358E+00   2.7797307441671188E-03
 BC_CDiag07            9.4034645577419218E-01   5.5634537161867005E-03   7.7367514840881876E-02
 BC_CDiag08            5.0925738466162551E-01  -3.0246867025723748E-04   4.1281156599407103E+00
 BC_CDiag09            9.9870414176971944E-01  -7.6798435325008806E-03   7.8659979714677419E-02
 BC_CDiag10            9.0859453501117859E-01  -3.6906305106495559E-03   1.0437121257565069E-02
 BC_CDiag11            9.9856019736504253E-01  -3.1633355003824137E-06   8.4189812411792261E+01
 BC_CDiag12            5.0150416208869875E-01   6.8935536020845918E-08   1.2977816128512413E+03
 BC_CDiag13            9.9929111975110685E-01  -5.6538926436295401E-03   2.6119274007364857E-02
 BC_CDiag14            9.9854293926693016E-01  -2.7299729917387022E-04   1.2830902246128428E-01
 BC_CDiag15            4.8224089427830508E-01  -1.9837041066266731E-01   1.9195547952967254E-03
 BC_CDiag16            4.5714496827094864E-01  -1.5325424435193991E+01   1.5198535012389909E-03
 BC_CDiag17            3.8500885891752407E-01  -9.7318643548976369E-01   2.2285054961692593E-03
 BC_CDiag18            5.2901718153572330E-01  -2.0604342111793297E+01   1.2614650660215570E-03
 BC_CDiag19            5.6078410198628326E-01  -8.0318663923209105E-02   3.1103407447406594E-03
 BC_CDiag20            9.9842223065797353E-01  -8.8116287335546939E-02   6.4995493239975539E-03
 BC_CDiag21            7.7793135168092375E-01   2.7108741940923331E-02   3.3845475160896856E-03
 BC_CDiag22            3.2734494456037250E-01  -4.5338404759910850E-01   1.5046492372350489E-03
 BC_CDiag23            4.0368474669901133E-01  -2.0768024399452512E-01   2.0182422616957878E-03
 BC_CDiag24            2.1611598022600109E-01  -1.4425138234738538E+01   1.9201841489476287E-03
 BC_CDiag25            6.2263870217566664E-01   8.9467170893154785E-02   8.0315833643917790E-03
 BC_CDiag26            3.3190592066810021E-01  -2.4856823895424016E-02   1.8637454632857437E-03
 BC_CDiag27            9.9855789538414663E-01   1.1880127884894806E-06   1.0946443309479002E+03
 BC_CDiag28            9.9864839241988534E-01   5.9353370911855372E-03   9.3888572647248484E-03
 BC_CDiag29            7.0848097081368433E-01  -1.2537427079672947E-02   1.8262329949844922E-02
 BC_CDiag30            6.7281587524524755E-01  -2.9195546259438328E-02   7.0778770889137034E-03
 BC_CDiag31            9.9792967622572382E-01  -3.2174846392179199E-02   8.1805102328532352E-03
 BC_CDiag32            9.9856271308181022E-01   3.0110555603633262E-04   8.2144356626656989E-01
 BC_CDiag33            9.9856172638178275E-01   2.1545279421175364E-04   1.1998134787209548E+01
 BC_CDiag34            6.0007293322829236E-01  -2.8852059225800368E+00   8.9660763862809952E-04
 BC_CDiag35            3.1054758488094240E-02   1.8584464211399918E-05   6.7438252563264234E-01
 BC_CDiag36            8.5243706480537085E-02   2.7794795432299353E-02   2.2529118300738853E-03
 BC_CDiag37            6.6307407292431475E-01   2.6646886937570270E-02   3.4389567451834809E-02
 BC_CDiag38            6.9541219473701210E-01  -3.7567422631580590E-02   4.2544855773600327E-03
 BC_CDiag39            9.9856277975947871E-01  -8.0345161515585073E-03   1.0182453171226333E-01
 BC_CDiag40            9.9856963971367130E-01   2.1329403103033519E-03   2.4006209300274289E-01
 BC_CDiag41            9.9844959826274748E-01  -1.7779852084394906E-02   1.8574778920296662E-02
 BC_CDiag42            6.9278529908047082E-01  -3.5414119857896643E-02   4.5234788483432143E-03
 BC_CDiag43            9.9856147802978446E-01  -3.4627108792296846E-05   5.6497674805472593E+02
 BC_CDiag44            9.9847544703767510E-01   1.0250379995325699E-03   7.2234107464739864E+01
 BC_CDiag45            9.9860776149661024E-01   1.4118350420523734E-02   2.3108039023585818E+01
 BC_CDiag46            9.9905087340425180E-01   9.5446180198873146E-02   1.3300472460461108E+01
 BC_CDiag47            9.9891032763729748E-01   1.2702295915657610E-01   9.8785600748753973E-03
 BC_CDiag48            9.9540122653354790E-01   5.7519287661317323E-02   1.5224681734747270E-02
 BC_CDiag49            9.9860798399303274E-01   1.0491046637754801E-02   8.2115443437547914E-03
 BC_CDiag50            6.8651540724781546E-01   8.5475541540538408E-02   6.3205727471408032E-03
 BC_CDiag51            8.9815156048544065E-01   6.9337181067560668E-03   1.4598074706184133E-02
 BC_CDiag52            9.9440000867214640E-01   2.1704562143931523E-02   5.9352152305575745E-03
 BC_CDiag53            5.3652306873811828E-01  -1.6414919827912893E+00   5.0521214863444141E-03
 BC_CDiag54            4.6391073356964729E-01   1.9810426408023379E-01   2.5993162890469742E-03
 BC_CDiag55            6.8317513973196387E-01  -1.2802923709271609E-02   5.1168520224519898E-03
 BC_CDiag56            7.2217448572678233E-01  -3.7467616276383159E-01   7.7907449516264726E-03
 BC_CDiag57            5.8120591492070084E-01  -1.7336891487831393E-01   3.9467658006574549E-03
 BC_CDiag58            5.2158736932625693E-01   3.8414946150138185E-02   1.7460127919501813E-03
 BC_CDiag59            7.9197447796173170E-01   1.1289948658697655E-02   1.1716348328546804E-02
 BC_CDiag60            9.9881014189027162E-01   2.8480496761307029E-02   4.3177271134090478E-02
 BC_CDiag61            5.1743718250331405E-01  -4.1232579736045397E-02   4.4186256904790834E-03
 BC_CDiag62            5.3278912372232057E-01  -1.2917195566538442E-01   1.9033365880394815E-03
 BC_CDiag63            9.9856049236632960E-01   3.1801058705628260E-06   6.6458169432356999E+03
 BC_CDiag64            9.9855247697280725E-01  -4.7595559960245774E-03   4.3572941090014583E-02
 BC_CDiag65            9.9856363899939160E-01  -3.6815782399801725E-03   1.0699354597761417E+00
 BC_CDiag66            1.3912350548767945E-02   5.8024363948222007E-06   1.6702320209649528E+01
 BC_CDiag67            5.0149020553619628E-01  -9.3628571025142940E-06   4.7301089284865910E+01
 BC_CDiag68            9.9856050218046488E-01  -3.9664904438794048E-07   1.8637056219786653E+04
 BC_CDiag69            9.9856051779268240E-01   6.8604746748703357E-06   7.4020442953668999E+03
 BC_CDiag70            9.8287942164646411E-02  -4.9440913224389455E-09   1.2320543419684072E+03
 BC_CDiag71            9.9856842892353503E-01  -1.3041831260243819E-04   3.5637519400805458E-02
 BC_CDiag72            4.4935734745144013E-01   1.5566656575134796E-02   3.4045108955752081E-03
 BC_CDiag73            5.9673181457697999E-01   2.1871206421642784E-02   8.9506487014918614E-03
 BC_CDiag74            2.4258267022585492E-01   2.5994746690994563E-02   3.1333500441346664E-03
 BC_CDiag75            3.6805647968562838E-01  -2.4748107330709637E+00   2.2644617393766473E-03
 BC_CDiag76            6.6430014460272657E-01  -2.9078893472297813E-02   1.6680013068156641E-02
 BC_CDiag77            5.3564200293392383E-01  -2.6227843558292091E-01   2.5082964079932799E-03
 BC_CDiag78            5.4935633198521516E-01  -4.7297955158756233E-02   1.3645874612315482E-03
 BC_CDiag79            6.3552097954938158E-01  -5.8693920073019129E-02   4.9341323532903908E-03
 BC_CDiag80            5.1165767763684089E-01  -2.3897331028773061E-02   5.6498747479975017E-03
 BC_CDiag81            5.0148707050361940E-01  -6.6839520207929168E-04   6.9832331860481289E-01
 BC_CDiag82            6.4238420752945746E-01   4.7037869040118946E-03   3.9911302097154124E-03
 BC_CDiag83            5.3275654497249914E-01  -1.1176103492287757E-02   2.8245993691850962E-03
 BC_CDiag84            6.7564114074406889E-01   3.6824086104651849E-02   5.1038244632570324E-03
 BC_CDiag85            5.4667150884403914E-01  -6.7054763111582552E-02   3.5823427002604031E-03
 BC_CDiag86            7.5534548821341330E-01   8.3447491619082577E-04   3.0350835660549525E-03
 BC_CDiag87            9.8747908981130739E-01   3.5104159465805046E-04   5.4175122147890276E-01
 BC_CDiag88            9.9950388848131921E-01  -9.3839689234018094E-03   2.5031432879115748E-02
 BC_CDiag89            9.9855795669130576E-01   3.8125007377730609E-03   7.0083410452360184E-01
 BC_CDiag90            9.9854911721898443E-01   5.5892232003531173E-04   2.6170816768776226E-02
 BC_CDiag91            9.9857313325165720E-01   3.1989723453420878E-03   2.4015694065396787E+00
 BC_CDiag92            9.9858709809781687E-01   9.3639331273620563E-03   1.7066099094247492E-01
 BC_CDiag93            2.2586218284022302E-01   8.4322006291872900E-06   5.7920866060329836E+01
 BC_CDiag94            9.9242331859919342E-01   9.2150904588701229E-03   9.6213526669353053E-02
 BC_CDiag95            6.4930619212284313E-01   8.1352463182796046E-03   4.4625467790896572E-01
 BC_CDiag96            9.9856427373631551E-01   1.3367520099259913E-03   6.1152480954431189E-02
 BC_CDiag97            9.9854956946143214E-01  -4.5496798248308825E-03   4.5997293160761421E-01
 BC_CDiag98            9.9854793209574999E-01  -1.5920726901437057E-02   2.4171335380532649E-02
BC_COffDi01            1.6321115443109793E+00  -2.1552957943573303E+00   2.5548315386314398E-03
BC_COffDi02            2.8143860206008999E+00  -1.5215998711797576E+01   2.6281206600443492E-06
BC_COffDi03            2.7976047398049597E+00   2.4860838784963782E-01   2.1635360596436830E-03
BC_COffDi04            1.4944316464318328E+00  -2.4736005679390133E-02   5.8913505982215583E-03
BC_COffDi05            1.0266173540774373E+00  -1.9742862956714087E+00   1.0682566902442947E-03
BC_COffDi06            8.8685852060150061E-01  -1.0877228109985252E-03   7.1050245724955441E-02
BC_COffDi07            2.8266250158446655E+00   7.2085449084608363E-06   5.0963078207124424E+00
BC_COffDi08            1.8292635362348693E+00  -4.5063760144585362E-03   6.7506592960370926E-02
BC_COffDi09            2.4789273430517800E+00   3.1970133921131938E-01   6.3320890044443910E-03
BC_COffDi10            1.8291718451350676E+00   1.3522339214927481E-05   1.8091303273855406E+01
BC_COffDi11            1.7377627403521432E+00   3.9497745580596412E-07   9.8521037128391060E+02
BC_COffDi12            2.0115882837779284E+00   4.9609635132971848E-04   3.1261961738688622E-02
BC_COffDi13            1.3163022300431584E+00  -6.2557517722626758E-04   4.0205658762519594E-02
BC_COffDi14            2.6979717824241911E+00  -9.0767529082655396E-03   2.6110012238860425E-03
BC_COffDi15            5.4038812957057436E-01  -2.0452379735826903E-01   3.6964943761251270E-03
BC_COffDi16            2.1912476960500578E+00  -2.8802792846602181E-02   2.8649131049001968E-03
BC_COffDi17            2.2251976670198244E+00   2.1081097028512072E-01   1.1117037664288005E-03
BC_COffDi18            1.4237278254409542E+00   1.6454122917244510E-01   3.1491932587733385E-03
BC_COffDi19            2.1253266131703783E+00  -1.0492178626428399E+00   2.6853039726978255E-03
BC_COffDi20            2.3054761857296402E+00  -2.1659080441207268E-01   2.4503845368967821E-03
BC_COffDi21            1.2745324224916919E+00  -7.3940745425773502E-02   4.2558953029093859E-03
BC_COffDi22            2.7958545498884169E+00  -7.9409483670753091E-03   3.8053258288300107E-03
BC_COffDi23            2.7904324934085287E+00  -2.8636541454360401E-03   6.9307305062699066E-03
BC_COffDi24            1.3534124089406325E+00   3.0564863053154152E-02   1.3141551498742967E-02
BC_COffDi25            2.4550657421559992E+00  -5.4015963478992166E-02   5.0262078354530457E-03
BC_COffDi26            1.1558816797885039E+00   4.3168824910363673E-07   4.8954113155455480E+02
BC_COffDi27            9.7650273465493187E-01  -2.2649709632508888E+00   3.8347428795519676E-04
BC_COffDi28            1.8710056468509944E+00   4.0380059168469949E-03   2.4464949492208447E-02
BC_COffDi29            1.9781578059074305E+00   1.4866893930616311E-02   7.1713361796690561E-03
BC_COffDi30            2.8273060858712786E+00   6.2768238511589206E-02   3.9605155193515266E-03
BC_COffDi31            2.8272956949640573E+00   2.2699729960058308E-04   5.6729146386151097E-01
BC_COffDi32            1.4870539141315815E+00  -2.1829158581532712E-04   1.9891658117907283E+00
BC_COffDi33            2.8235938619196368E+00  -1.0369208972732352E-01   3.5321497366148326E-03
BC_COffDi34            5.9688841383763354E+00   8.2276896878111708E-06   2.4669502847814073E+01
BC_COffDi35            8.5074703293094245E-01  -6.1260410839644262E-03   2.4959766549780760E-02
BC_COffDi36            1.8861191274582865E+00  -1.8213567090803210E-03   2.7128735538401325E-02
BC_COffDi37            1.1132118954298353E+00   1.3571643243276083E-01   2.5335578373781717E-03
BC_COffDi38            2.8272346270408688E+00  -1.3217617715489564E-02   2.9110723584482780E-02
BC_COffDi39            2.8272962234956767E+00   2.1657861156854827E-03   8.2951251268575610E-02
BC_COffDi40            8.4766136551646720E-01   1.5876004203515842E-02   1.3288362607905745E-02
BC_COffDi41            1.8282771351352962E+00  -1.6197399534724891E-03   1.0106955374611761E-02
BC_COffDi42            1.9401767157704999E+00   4.0582400747650633E-04   5.1238689634437549E+02
BC_COffDi43            2.8272946081205790E+00   4.7028351019771548E-03   2.4957745718652983E+01
BC_COffDi44            2.8273123151383817E+00   8.6525260882056292E-03   9.0105977853443111E+00
BC_COffDi45            2.8181230903627168E+00   6.5701355407807763E-02   4.5633462413891959E+00
BC_COffDi46            1.9171321882805459E+00   2.4129117706187448E-03   1.5211190438384755E-02
BC_COffDi47            2.8257642995485912E+00  -5.6161507578241024E-02   9.0591799403588226E-03
BC_COffDi48            2.0474100537140583E+00   1.2938167441218032E-01   5.7693820910667904E-03
BC_COffDi49            2.8272483176878982E+00   1.8759337808951709E-01   3.6301112575141867E-03
BC_COffDi50            1.1317763137119061E+00  -7.7493834868950506E-03   1.0630548409170723E-02
BC_COffDi51            1.2339930208903689E+00  -3.2487349925988993E-02   6.4720370635435592E-03
BC_COffDi52            1.6490122193470436E+00   3.5988613166815224E-02   7.7147169768758527E-03
BC_COffDi53            2.6415286637518336E+00  -1.5232907713207433E-01   3.8616522983396027E-03
BC_COffDi54            7.3240750129773369E-01   1.4355217798104891E-02   1.0232332781145825E-02
BC_COffDi55            1.1756493921653968E+00  -3.1794056749266403E-01   3.6882997226261611E-03
BC_COffDi56            4.4275141857870881E-01   1.8767218124942464E-01   4.2235474503911855E-03
BC_COffDi57            2.6082150975359553E+00   2.3539892156384282E-01   2.6225092543100321E-03
BC_COffDi58            1.6824932351582143E+00  -2.1254878366806840E-02   8.6710760346543642E-03
BC_COffDi59            2.1325913944992552E+00  -1.4384644000795790E-03   2.6187846842359842E-02
BC_COffDi60            1.4107107844097448E+00  -5.6605607853339623E-02   5.3947000376185364E-03
BC_COffDi61            8.5372676807610071E-01   1.5849649909123353E-01   1.6987526648471936E-03
BC_COffDi62            2.8272915135276273E+00   1.9980767560906836E-07   2.0955960021862338E+03
BC_COffDi63            2.8272229447072990E+00   4.6095320974356813E-02   1.1868980757430340E-02
BC_COffDi64            2.0779741444409923E+00   3.5468492580193133E-03   1.1876309691293858E+00
BC_COffDi65            5.9683135114666435E+00   1.5684831644787456E-07   1.0974268785212257E+03
BC_COffDi66            2.8267211312563805E+00   3.9183127833852328E-06   3.8747479984801195E+01
BC_COffDi67            2.8272915113071919E+00  -1.6390147537369612E-07   6.4552061074404737E+03
BC_COffDi68            2.3759135923116292E+00  -1.9088388164599681E-06   6.8375216975888834E+03
BC_COffDi69            2.8267208577324068E+00  -8.2274634236103439E-09   1.3701881182471294E+04
BC_COffDi70            1.8588060782286182E+00  -1.2158043553248519E-02   1.2825219205217463E-02
BC_COffDi71            2.8272911814814008E+00   2.8465382600254708E-02   6.1526912139618266E-03
BC_COffDi72            2.8274295610859199E+00   1.4718402185162157E-02   6.8933388090027603E-03
BC_COffDi73            2.8273811963065829E+00  -8.6832713069280587E-03   6.0395819167621623E-03
BC_COffDi74            2.8271642999378575E+00   5.2690219129424523E-02   5.5048386945100204E-03
BC_COffDi75            2.6329342808113383E+00  -6.8736832666046327E-03   1.0636486694644174E-02
BC_COffDi76            2.6882383826329250E+00  -7.6002427231733019E-02   3.7083673727630545E-03
BC_COffDi77            4.7786242516673699E-01   1.3961690213779018E-01   1.9753481583776448E-03
BC_COffDi78            1.4900586633549449E+00   2.2309394916977952E-02   5.1579647195713211E-03
BC_COffDi79            2.0541692956107145E+00   2.5346472775008077E-02   6.5579869136083756E-03
BC_COffDi80            2.8272907738242896E+00  -2.7871060803573454E-05   4.5279746340117183E-01
BC_COffDi81            2.8250681331851957E+00  -9.8903877822863376E-02   5.7665990666012088E-03
BC_COffDi82            7.5735914293215389E-01   5.1745800966082979E-02   4.9536615049215740E-03
BC_COffDi83            1.9623284765539921E+00   3.9041068789684413E-02   4.7789782861551418E-03
BC_COffDi84            1.0481429140534431E+00   3.6887894656993533E-02   4.4661772071962020E-03
BC_COffDi85            2.4391731248759432E+00  -4.9046430541120056E+00   1.2205355939584584E-03
BC_COffDi86            2.8272897590932939E+00  -1.1278774490874718E-04   2.7210879937392279E-01
BC_COffDi87            2.8274158994856009E+00  -5.6866249562469162E-03   1.2524150266032312E-02
BC_COffDi88            1.9838266618739449E+00  -1.0588966265663803E-02   3.0883998273537278E-01
BC_COffDi89            2.8272184134925697E+00   1.2173688087340276E-02   9.7989787634589105E-03
BC_COffDi90            2.8272987570059378E+00   2.0524384447012612E-03   3.3338411913749582E+00
BC_COffDi91            2.8273682968284737E+00   1.6004632234362624E-02   1.0018142645298754E-01
BC_COffDi92            2.8272915212521306E+00   6.2304110398158405E-07   1.6731477560844297E+02
BC_COffDi93            2.8264447872026142E+00  -9.9625138012220549E-03   7.5982134694468864E-02
BC_COffDi94            2.5777405070880759E+00  -1.4513689810247672E-04   2.3956099518955767E-01
BC_COffDi95            2.2026550492812560E+00   6.3315643724644287E-03   2.2567970145529710E-02
BC_COffDi96            2.5781906952482818E+00  -2.5050935836048028E-03   2.2842544186746419E-01
BC_COffDi97            1.8277957040462376E+00  -6.7856955055532442E-01   1.1707090889209945E-02
  BD_beta01           -1.2272968205749228E+00  -1.1847144077358107E+00   2.5773172541131767E-03
  BD_beta02            1.4509481739963521E+00  -1.8362120709947571E-01   6.7769194642530355E-03
  BD_beta03            1.2603692431202529E+00  -2.4855578452628890E-01   3.1433724351764428E-03
  BD_beta04            2.2566626134371179E+00  -2.2046687924007641E-01   2.4335429003724848E-03
  BD_beta05            9.1641842104357996E-01   3.4852302100509075E-02   1.1082291671495057E-02
  BD_beta06           -1.5214055390640100E+00   1.5992792648015060E-02   1.7560232001565857E-02
  BD_beta07            1.4332212517301854E+00  -2.0020584714197776E-01   2.1631295236166971E-03
  BD_beta08            1.2612110103642395E+00  -8.0708303306281190E-02   3.1688188648158018E-03
  BD_beta09            1.4945772269338644E+00  -8.1418253777734040E-01   2.0780982760120054E-03
  BD_beta10           -1.6545180928185659E+00   2.1368285032684411E-02   1.9200822477182515E-02
  BD_beta11           -1.7356230398016881E-01   1.1687568220053360E-02   3.5184925778130914E-03
  BD_beta12            5.9449061859847585E-01   2.5670504221222117E-02   6.3936449521214862E-03
  BD_beta13           -7.2692968383936407E-01   5.7259518714053289E-03   1.7469889768484334E-02
  BD_beta14           -2.3359695281377526E+00   1.5558958338213932E-02   1.9181024429387734E+00
  BD_beta15            1.3536843077890590E-01   1.3805371573105962E-01   9.9520285155891858E-03
  BD_beta16            3.5312060780343391E-01  -2.0502640739389410E-02   7.6354672417458689E-03
  BD_beta17            4.6173026454266458E-01   5.3437316969061677E-02   8.2788331358714298E-03
  BD_beta18            1.0268822126667323E+00  -1.6528275642804385E-01   4.5932316456765813E-03
  BD_beta19           -1.3024187286419315E+00  -4.3486961778192265E-02   2.7412958936840613E-02
  BD_beta20           -1.5384093739114690E+00  -6.6173675533817205E-03   9.0588462055506164E-02
  BD_beta21           -3.7218943191279558E-01   1.1379765429287205E-02   1.1254326446043454E-02
  BD_beta22            9.8628245553630822E-01   6.4024870012684698E-02   4.0663468071274987E-03
  BD_beta23           -1.2713462512802671E+00  -1.0391125568170654E-03   6.6600851027484526E-03
  BD_beta24            2.1962831636452021E-01  -2.4842775656098559E+00   2.8968276288993413E-03
  BD_beta25           -1.6358714973950526E+00   1.1124971911749488E-02   1.4449395597171261E-02
  BD_beta26           -8.3044244782704069E-01   3.9670882615442792E-02   1.8968540525674149E-02
  BD_beta27            7.7176430901038484E-01  -1.1675624704666581E-02   3.3242329651724183E-02
 BD_CDiag01           -4.9911216625814581E-01  -8.3751546129598814E-02   1.7630081998643030E-03
 BD_CDiag02            4.2397802882423347E-01   6.4613042143945934E-02   4.1448493644387603E-03
 BD_CDiag03            8.9621899666937482E-02  -7.6549603941294964E-01   1.3506739956695470E-03
 BD_CDiag04            1.2655164088903556E-01  -3.7765159948941356E-02   1.2525991538890587E-03
 BD_CDiag05            1.7882265499051761E-01  -3.8818273420135330E-02   7.7952426940389808E-03
 BD_CDiag06            8.2082355932553519E-01   3.5025808768557223E-02   6.8123461831512029E-03
 BD_CDiag07            1.8136589615660512E-01  -2.1333144667932089E-01   1.8091819933736182E-03
 BD_CDiag08            3.2941399940061278E-01  -2.6735358811463356E-01   1.3863189634332807E-03
 BD_CDiag09            1.6677863717713778E-01  -7.6793841133849683E-01   1.6123715757832256E-03
 BD_CDiag10            8.5464260571580564E-01  -9.4962555489011679E-03   8.8257008471512299E-03
 BD_CDiag11            8.9474746944738304E-01  -2.0081374125812155E-02   1.5611722562961351E-03
 BD_CDiag12            6.9258939134848019E-01  -1.4203919479461402E-01   3.7574653792501623E-03
 BD_CDiag13            1.4488350788158766E-01  -7.4947662129889242E-03   1.0360494452966832E-02
 BD_CDiag14            9.9323176606103580E-01   2.9839889224469358E-02   3.6121260461449600E-01
 BD_CDiag15            1.1501805986500574E-02  -2.2964473994908856E-02   7.5579571943197978E-03
 BD_CDiag16            1.4495680764957506E-02   2.2785744739466599E-02   5.3810007708471027E-03
 BD_CDiag17            9.6184773185261502E-02   9.3074446981758208E-02   4.5828478316977221E-03
 BD_CDiag18            1.8953225035479579E-01  -9.2664685374283073E-02   2.1547087751336335E-03
 BD_CDiag19            9.9867466770476443E-01  -3.2279998087433454E-02   1.5384140387919003E-02
 BD_CDiag20            9.9857875108709904E-01  -3.9551895582990802E-03   3.9530350581055841E-02
 BD_CDiag21            8.3179940602307845E-01  -7.3434565650450312E-02   7.5296617576061991E-03
 BD_CDiag22            1.4484660016561557E-01  -2.0400094751567965E-02   2.4700668733208006E-03
 BD_CDiag23            8.8124165917539377E-01  -4.2329927344294901E-02   3.2245259480342503E-03
 BD_CDiag24            8.8566974844245916E-01  -7.4748838353711669E-02   1.7668890492932767E-03
 BD_CDiag25            7.4755681538737040E-01   4.6166810281225074E-02   9.0064748664433376E-03
 BD_CDiag26            5.0107203377457499E-01  -1.6404477807487841E-02   1.1698584716384344E-02
 BD_CDiag27            2.3468280633340163E-01   4.7234960132387397E-03   1.3382476389718187E-02
BD_COffDi01            2.4426350540081088E+00   3.6165888083733652E-02   6.0590549764047369E-03
BD_COffDi02            5.6698607975590365E-01  -4.9707823556118793E-03   2.5128349300233430E-02
BD_COffDi03            2.8214385252626921E+00  -3.1112853712284217E-02   9.9302908991887439E-03
BD_COffDi04            1.7619720076069338E+00   6.4628512391786330E-03   3.4596266216167126E-02
BD_COffDi05            1.0593562416122257E+00   1.4033978694286383E-03   1.0106004690280543E-02
BD_COffDi06            2.6831978459964181E+00  -3.7243013751070725E-02   7.0718023698817523E-03
BD_COffDi07            1.4402177815035364E+00   4.4988128874903506E-02   4.4752149406825344E-03
BD_COffDi08            1.9129672466489187E+00   2.9780027245434243E-02   6.0248628507728755E-03
BD_COffDi09            1.0802108656879195E+00   1.6996467951977099E-02   9.6498166466325603E-03
BD_COffDi10            2.0956030782348618E+00  -1.5792767158585321E-02   2.7939340437890562E-03
BD_COffDi11            1.3050799342103550E+00  -3.8855953286708990E-03   6.6605109543055353E-03
BD_COffDi12            2.7651038853077372E+00   1.9083907555410033E-03   1.0561747233350746E-01
BD_COffDi13            1.3110112617083582E+00  -4.9463713616312313E-02   5.5840559606202567E-01
BD_COffDi14            2.7969064349578270E+00   1.0043416698015489E-04   6.1767111531783370E-01
BD_COffDi15            2.8272922348677638E+00   8.9157847822396178E-05   3.9667417503618013E-01
BD_COffDi16            2.8272919299265760E+00  -4.0850255953077301E-03   3.3893709143237173E-02
BD_COffDi17            2.6237378635455784E+00  -1.8142264403094455E-02   1.5360245091529312E-02
BD_COffDi18            2.8248588705795719E+00  -1.9985030737266939E-02   1.5217669276201603E-02
BD_COffDi19            2.0842891659261427E+00  -1.8313329261162338E-03   5.9795648195131265E-02
BD_COffDi20            1.5409785161091876E+00   5.0496377356864554E-02   8.3557169956629644E-03
BD_COffDi21            2.8273624176543852E+00   1.5598137227155600E-02   2.1231922404630756E-02
BD_COffDi22            1.3513585352057513E+00   3.6168807987073975E-02   3.5291174806969354E-03
BD_COffDi23            1.8169175721565318E+00  -2.5402225951355213E+00   1.7914772105637957E-03
BD_COffDi24            2.8272659169700614E+00   4.4559510781755227E-02   5.5551139018091911E-03
BD_COffDi25            2.3854583152655140E+00  -9.4143140675983540E-03   1.1301317760841556E-02
BD_COffDi26            1.5931276191004613E+00  -6.1078600657741367E-03   9.5557357353605168E-02
  Likelihood -6.742    
        nobs      26514
   No. Parms        438
         BIC  4448.    
  Max. Grad.  45.11    
   Min. Eig. 0.9203E-09
