     NLP  ITN     804    Error condn   NINF      0      OBJ   4.457690123697E+00
OBJ=         RHS=         RNG=         BND=         M=      1 N=    745 SB=  597
22222222222222222222222222220222222222222222222202222222222202222222222222222102201102222210222222222222222122221222021120102000220222122222222022222212222222222222220222222222200212222222221202012212222002020022202222222222222212022220222022210022222222201002222211200020221112220022222112212222122222222222222222210202111022222102222222212222222221222222222222222222200202222222222222222202222221222220222222222200202022222222222222222222022022222222022222222022220222222222220221220022221220222022020222222222220022222022222022222202220222222220220222022222202222220022122022220222222222220220022020022222202222202222222022220022022202222202222220022220222220020222222222222022220022222202222222222222022202022222222222222222222022022202220223
      14    3.24860736371297E-04
      13    4.07671836371861E-04
      10    3.02318941065939E-04
       7    2.71683670185629E-04
      15    1.80086883722761E-04
       9   -4.63000908558118E-05
       8   -9.37492707459892E-05
      11   -1.42873076091949E-05
      12   -2.12112234684214E-04
       6   -3.25285784160531E-04
      20    5.63900870042614E-03
      17    5.49981975109740E-03
      19    5.26217270236261E-03
      18    5.14208977334930E-03
      16    4.88818994278318E-03
      22   -1.09060404975289E-02
     538   -2.18983782103705E-02
     450   -2.74100766744968E-02
     541    1.55085281823532E-02
       3    5.22643063712382E-02
     579    5.40742291362883E-02
     234    2.50594798714799E+00
     627    6.43477787257553E-02
     477    6.41374575062770E-02
     726    6.23842574863108E-02
     682    6.24499234517049E-02
     599   -6.14302081051453E-02
     452    6.29318228017010E-02
     545    6.32457198867492E-02
     713    6.23112616682962E-02
     594    6.31713152144546E-02
     740    6.30417263846584E-02
     471    6.26763393863554E-02
     641    6.25015045480384E-02
     580    6.22502844847474E-02
     741    6.22165175272797E-02
     559    6.17403431492998E-02
     649    6.23890462138566E-02
     686    6.22735209311611E-02
     457    6.10343043104016E-02
     674    6.24183612899155E-02
     742    6.24164902716626E-02
     720    6.21648681832579E-02
     553    6.14271254629452E-02
     478    6.05818453948239E-02
     591    6.15768102357987E-02
     667   -6.30904648883498E-02
     698    6.64402602485542E-02
     725    4.12550610489230E-02
     470    7.46269146094264E-02
      23    8.52392686432118E-02
     560    8.54696004366451E-02
      21   -9.53333336543513E-02
     587   -9.87870598037622E-02
     112   -1.08279676767833E-01
     130   -1.19317460225396E-01
     563    1.23709369477552E-01
     511   -1.22467481984500E-01
     617   -1.22251217730568E-01
     626    1.25692089880347E-01
     673    1.25129361684149E-01
     680    1.24752863769622E-01
     584    1.25442403057147E-01
     456    1.23528379841144E-01
     702    1.25180937585756E-01
     449    1.24267072656108E-01
     460    1.24675324248402E-01
     490    1.25396585694545E-01
     719    1.24968739184887E-01
     523    1.24639723593126E-01
     607    1.24771295807804E-01
     701    1.24619616159889E-01
     660    1.24652975043848E-01
     631    1.24858570812445E-01
     699    1.24335942596875E-01
     492    1.24952948869105E-01
     712    1.24693850279423E-01
     552    1.25008354134690E-01
     731    1.24903223297346E-01
     542    1.25065750356980E-01
     519    1.24924129907146E-01
     480    1.24733758471051E-01
     469    1.24457110467212E-01
     550    1.24787603281013E-01
     567    1.24736442034085E-01
     571    1.24849393681111E-01
     540    1.24636173287101E-01
     474    1.24978272223233E-01
     723    1.24469671451814E-01
     738    1.24881337355686E-01
     700    1.24072898381476E-01
     632    1.23634827610141E-01
     736    1.23634511320050E-01
     693    1.24704607060430E-01
     518    1.23918966327256E-01
     476    1.23853735019482E-01
     504    1.22967538755113E-01
      24    1.33931008026191E-01
     177   -1.53084568907822E-01
     149    1.57052880056786E-01
     612    1.57920991578742E-01
     572    1.59225501636738E-01
     621   -1.62441770579430E-01
     532    1.24293596156697E-01
     136   -1.70653596359595E-01
     455    1.77951504497584E-01
     176   -1.81518298198103E-01
      25    1.86581616643790E-01
     197    1.89037598667027E-01
      26    1.93711468286857E-01
     163   -9.64786215508500E-02
     721    2.01015261219018E-01
     592    2.02746125337827E-01
     198   -2.18221613152699E-01
     104   -1.19802351333926E-01
     505   -2.26395823829940E-01
     590    2.41893330311387E-01
     530    2.52467383439868E-01
     655    2.49100670478450E-01
     510    2.46342655179364E-01
     466    2.49438174073790E-01
     676    2.51130895126351E-01
     512    2.49777614681739E-01
     675    2.50556582016679E-01
     499    2.49182767956238E-01
     647    2.49423368544019E-01
     558    2.50314990450261E-01
     634    2.48499611167800E-01
     668    2.49551908662373E-01
     722    2.49328713736184E-01
     557    2.49849502085668E-01
     606    2.50081715358998E-01
     618    2.49479603134988E-01
     658    2.49740269202599E-01
     677    2.49508731017980E-01
     685    2.49791639714962E-01
     730    2.50087149024107E-01
     465    2.49776512982377E-01
     514    2.49710044920466E-01
     574    2.48079679284014E-01
     697    2.49456053254752E-01
     454    2.49360522331798E-01
     473    2.49608036569998E-01
     704    2.49820433583351E-01
     706    2.49922460887616E-01
     496    2.49796709442815E-01
     638    2.49988033432410E-01
     703    2.49822111667030E-01
     568    2.49909446890036E-01
     615    2.49905136983541E-01
     513    2.50072086959881E-01
     582    2.49935922913783E-01
     577    2.49581241185942E-01
     500    2.50147017241326E-01
     645    2.49187772035053E-01
     608    2.49846110455097E-01
     543    2.49935252447836E-01
     472    2.49689204564684E-01
     527    2.49858630229613E-01
     459    2.49910053389570E-01
     625    2.49316711838319E-01
     672    2.48521974774503E-01
     622    2.49766162424493E-01
     669    2.49828922199042E-01
     666    2.49836950175654E-01
     546    2.48683231681987E-01
     745    2.49182226561271E-01
     620    2.47498542633770E-01
     520    2.41636117263380E-01
      64    3.01848247698746E-01
     614    2.64378082036003E-01
     169    2.72644059918178E-01
      63    4.15041448197065E-01
     654    2.97498624283382E-01
     694   -3.06363651319557E-01
     156    3.28746307558802E-01
     143   -3.37051745338855E-01
     383    3.55073905633844E-01
     445    3.61894494990790E-01
     378    3.60642443443354E-01
     182   -2.55424749851301E-01
     357    3.70761406618806E-01
      27    3.68963023578390E-01
     401    3.71451140801038E-01
     393    4.09020726585602E-01
     392    4.11315692883932E-01
     132    4.21941159449814E-01
     435    3.20160983726879E-01
      31    4.52813552055847E-01
     194   -4.56327772946894E-01
     430    6.29443291218923E-01
     431    3.44426377875042E-01
     433    4.71808645078818E-01
     238    4.82260029891982E-01
     298    1.19980132478021E+00
     118    1.33513230852563E+00
     235    2.77584616088097E+00
     367    2.59955038103697E+00
      97    1.07439590911611E+00
     121    3.54000919536476E-01
     644   -2.01633695028729E-03
     483    8.16209311291901E-03
     578    3.13833578903992E-02
     526    8.75234686700471E-04
     565    2.95683985897901E-02
     729    1.53395352210593E-03
     484   -2.16719743473766E-03
     493    3.22739434786298E-03
     639    3.84997957962793E-03
     497    5.20636379951457E-03
     508    7.63118375474073E-03
     640    9.25532946834912E-03
     451    9.59316023404469E-03
     671    1.30724775870574E-02
     536    1.37967166107155E-02
     688    1.51148196688204E-02
     509    1.52535895794672E-02
     635    1.55344608293433E-02
     566    1.55353915604634E-02
     464    1.57386927804692E-02
     661    1.58030664820240E-02
     150    1.59500059591346E-02
     619    1.90978498733611E-02
     727    2.24532074646838E-02
     646    3.01387737869566E-02
     586    3.02956301304891E-02
     487    3.10390735351962E-02
     461    3.11144459409912E-02
     601    3.11335318157097E-02
     734    3.11373252920872E-02
     598    3.11711851006050E-02
     458    3.12284187609261E-02
     534    3.12657605901570E-02
     687    3.12820914342038E-02
     653    3.13878415536493E-02
     628    3.14157095950727E-02
     659    3.14375233536351E-02
     524    3.15357898548012E-02
     506    3.27713626342608E-02
     613    4.00075174273525E-02
     230    8.74726812283694E-01
     365    9.02546205678296E-01
     366    2.15193077205578E+00
     237    4.62899239122828E-01
     185    2.58182009011522E-01
     377    1.21897632021604E+00
     180    4.64527223496809E-01
     384    1.11165676548306E+00
     125    8.56125544532782E-02
     107   -6.29319134516196E-01
     352    1.47271699393658E+00
     233    1.73531379780131E+00
     216    1.19779855550641E-01
      93    3.08408425115687E-01
     203    1.56105484840982E-01
     201    1.60084621550355E-01
     217    1.94544461272311E-01
      90    4.06528986387637E-01
      95    4.16715582668017E-01
      96   -1.15109099416519E-02
      89    6.05974182578460E-03
     102   -2.48051003544242E-01
      98    2.71990120874946E-02
     220    2.58705491514389E-01
     218    3.10420141940812E-01
     223    3.45297676337253E-01
     326    4.23331379707620E-01
     284    4.28387034417107E-01
     294    4.61906192671381E-01
     348    4.62285615608085E-01
     286    4.71106357000875E-01
     301    4.72125038484160E-01
     379    2.54242556579168E+00
     255    6.30665285292861E-01
     228    1.89215392133454E+00
     279    5.77535962419478E-01
     271    6.33872555014141E-01
     273    5.30434609401331E-01
     328    5.13292703933351E-01
     336    7.67335452944339E-02
     212    4.13802457233613E-01
     278    2.62782931137404E-01
     402    5.74994848931830E-01
     339    6.67675949350758E-01
     249    6.55746455740798E-01
     333    6.79709012721166E-01
     375    8.02011241270050E-01
     187    8.74297422888043E-01
     434    1.99062634591701E+00
     222    1.31136103146713E-01
      75    1.42517168630023E+00
     105    1.44476895163185E+00
     374    4.16692796940714E-01
      99    1.71456282466640E+00
     208    8.64676340935805E-02
     338    6.21582446635133E-01
      67    1.47099731351394E+00
     250    2.21010735434868E+00
     429    2.20284725143759E+00
     372    3.63129490070193E-01
     353    2.73332558329019E+00
     224    5.99672619183194E-01
     315    4.49081060240669E-01
      72    1.48539251868404E+00
     363    2.42333387895536E+00
      65    8.23319527768319E-01
     335    5.05673331346322E-01
      70    1.52371942828930E+00
      71    1.53938974715702E+00
      62    3.28873941278993E-01
     106    1.18855459270225E+00
      74    1.64793614281377E+00
      73    1.67177862499028E+00
     110   -1.03605209851031E+00
     329    5.58067956944880E-01
      69    1.58853095957489E+00
     386    2.18217732154437E+00
     261    5.07306759625610E-01
     355    1.47401576949915E+00
     283    4.97018698830133E-01
     115    1.89050362950254E+00
     206    7.36702047580042E-01
     369    1.69572351168282E+00
     354    2.49928647864908E+00
     308    5.23225597033744E-01
     232    1.69160482054222E+00
     358    2.37534603756127E+00
     405    2.51513184672039E+00
     306    5.83841530895651E-01
     380    2.36225249617519E+00
     134    5.14989491413385E-01
      66    1.68056269029654E+00
     162   -6.24849543185491E-01
     109    7.79906309639018E-01
     332    3.88411946495369E-01
     263    5.38748423504520E-01
     305    7.81608221339083E-01
     280    5.06801076256216E-01
     381    2.05555778217407E+00
     410    8.91793909399091E-01
     184   -1.54633803719230E+00
     561    1.00405851027754E+00
     360    6.69613164542495E-01
     287    4.99618364318315E-01
     312    6.21860478747188E-01
     300    5.19690630955093E-01
     419    2.50972102446723E+00
     103    1.71007836551842E+00
     313    4.99380049505001E-01
     202    1.16739690952870E+00
     221    5.38244220018004E-01
     153    1.19231387599314E+00
     211    8.48030679332189E-01
     188   -5.02443083680889E-01
      80    8.64265591835916E-01
     172    1.99480952665603E+00
      81    5.02373900154813E-01
     310    5.96288242726199E-01
     133   -1.76506576287778E+00
     285    5.12377264142303E-01
     438    2.80974317826991E+00
     436    2.52464112971416E+00
     302    5.05271412252693E-01
     376    6.07586678277116E-01
     314    5.05702832726434E-01
     411    7.53579342511243E-01
     175   -8.31863579182212E-01
     424    2.13438240726797E+00
     241    2.60896611853797E+00
     215    5.51061791001072E-01
     155    1.31800643237133E+00
     309    4.90366464451886E-01
     382    2.78988944481200E+00
     368    1.97091378446877E+00
     724    4.97796999524606E-01
     564    4.97565069823731E-01
       5   -1.06499042873878E+00
     356    1.21005167365357E+00
      87    9.91758250041250E-01
     129    1.99998548278042E+00
     304    6.84944112364768E-01
     262    8.54706757773196E-01
       1    2.49579124400618E+00
     161    1.99942851088073E+00
     408    2.67562493790514E+00
     253    2.54577443734451E+00
     428    8.52139555449976E-01
     533    9.60677112924828E-01
     159    1.82673656650735E+00
     293    6.85710825519207E-01
     174    7.42321798530093E-01
     227    9.92094005890587E-01
     611    5.12723758845925E-01
     531    4.98356481596376E-01
     154   -9.63367965410138E-01
     341    9.87045730169108E-01
     423    9.17697068239215E-01
     307    5.12685863278812E-01
     385    1.68844290830258E+00
     157   -1.97199428824586E+00
     432    6.54491562519284E-01
     718    5.01173792250050E-01
      68    1.63447492199793E+00
     247    5.24675261394884E-01
       4   -8.48004929150536E-01
      59    1.22404944777596E+00
      77   -1.10857790458312E+00
     349    6.79765295657043E-01
     334    5.35819322071773E-01
      56   -4.97959829086173E+00
     325    5.02847452149240E-01
     251    1.97249352991913E+00
     327    5.04995057592412E-01
     388    1.72752282863192E+00
     274    5.58935522645564E-01
      46   -5.33107490669361E+00
     239    1.69887692553349E+00
     243    2.69458326070220E+00
     140   -8.54242995900707E-01
     412    1.04167671429577E+00
      36    1.21665326014760E+00
      86    7.74061988204960E-01
     351    1.19913186179262E+00
      41   -5.74299868763523E+00
     138    7.53558476400186E-01
     437    2.28144155995051E+00
     142    1.99778902299760E+00
     414    2.58453397761549E+00
     463    4.99094908313023E-01
     389    2.22144130412196E+00
     183    1.99919570577135E+00
     440    1.79926740153330E+00
     152    7.88803284701377E-01
     139    1.63884583611121E+00
     409    2.47520092963555E+00
     164    1.99696853030340E+00
       2    1.17305371178758E+00
     291    1.19812854793033E+00
     168    1.99765455880866E+00
      51   -4.26164786725298E+00
     343    5.26200640905483E-01
     400    2.75387637503675E+00
     422    1.48913809845843E+00
     426    2.81881120656330E+00
     148    1.31550548182499E+00
     299    5.47541068559836E-01
      60    4.58596861942354E+00
     362    5.70276529760852E-01
     399    1.65205003249812E+00
     141    1.99786512979265E+00
     303    4.99734860353431E-01
     695    9.99422697250704E-01
     406    9.60134959413329E-01
     397    1.10815369454343E+00
     488    4.99437954996005E-01
     439    1.57727493475592E+00
     190    1.99856157752078E+00
      42    3.50362329291545E+00
     715    4.99326440687829E-01
     242    1.16902902828398E+00
     226    7.46924389615817E-01
     252    4.93544749481955E-01
     254    6.40556613706443E-01
      47    3.37191708685993E+00
     525    4.99310076778280E-01
     425    2.80700666602419E+00
     407    5.22641916064609E-01
      37    6.06472031961158E+00
     225    1.19953766926397E+00
     200    1.99924361461231E+00
      28    1.33949747885935E+00
      94   -1.23906697508767E+00
     311    8.50064497282756E-01
     395    1.43584652753806E+00
     537   -4.99104810338206E-01
      76   -1.17377861645012E+00
     696    4.99488178356061E-01
     588    9.99590941056466E-01
      57    4.00589463234464E+00
     361    1.36913685427460E+00
      33    1.62881708495071E+00
      40    6.13669526106546E+00
     359    1.60912949781379E+00
     681    4.99493848405040E-01
     692    4.99532809920120E-01
      44    4.62445633018097E+00
      58    1.80930598454326E+00
     585    5.00146323200322E-01
      52    3.56609785782660E+00
     158    9.66541718864412E-01
     116    1.39127004160745E+00
     403    2.42726043325069E+00
     111    1.99966274362528E+00
     447    2.80158683774938E+00
     448    1.17773687714826E+00
     554    9.99693204593926E-01
     396    2.19363601100690E+00
      38    5.93674593228672E+00
     690    4.99690100322352E-01
     344    6.76315262999015E-01
     427    2.35706351761000E+00
     648    4.99969182526007E-01
     337    6.78553647643139E-01
      30    8.76439045469806E-01
     547    4.99472949914663E-01
     481    4.99587366769285E-01
     679    4.99491154912639E-01
      50    4.03793143194108E+00
     186    1.99976234722780E+00
     390    2.81221184040477E+00
     604    5.00139310020487E-01
      39    5.82101802802039E+00
     442    1.70406169742988E+00
      45    5.04834786638596E+00
     642    5.00060868657114E-01
     387    7.07021844601712E-01
     609    4.99762468089942E-01
     595    5.00099439541503E-01
     295    5.17593449620862E-01
      35    1.71476148351874E+00
     708    4.99635432170681E-01
     114    1.99981445904981E+00
     213    8.98770307829017E-01
     589    4.99719308456319E-01
     605    4.99768755813850E-01
     728    4.99807463468335E-01
     173    1.37186394839713E+00
     260    5.51146736813763E-01
     575    4.99827906900810E-01
     171    1.63103935240091E+00
     443    9.21220912201280E-01
      48    4.25020497364817E+00
     147    1.99984035961134E+00
     517    4.99746078301848E-01
     544    5.00073795865173E-01
     219    1.19984498699232E+00
     160    5.44811584437449E-01
     101   -6.50949757053489E-01
     290    9.32128238976438E-01
      34    1.63865544800075E+00
     248    4.92933489394399E-01
     737    4.99849929329047E-01
     710    4.99852850186653E-01
      54    3.13749733312297E+00
     421    1.42670404344860E+00
     417    9.35298277357528E-01
     100   -1.37771458087894E+00
     345    6.78189570556401E-01
     556    9.99880225316287E-01
     475    4.99876749807295E-01
     652    4.99655525327094E-01
     502    4.99878692413082E-01
      88   -1.31170666942366E+00
     342    1.19989818473630E+00
     296    1.19989837757259E+00
     166    1.99833114474012E+00
     364    1.17778271161017E+00
      32    2.40315397240902E+00
     189    1.99854360004686E+00
     264    1.19990545214122E+00
     137    5.03598104079156E-01
     146    1.18112820083553E+00
      53    3.29638582976082E+00
      55    3.42408087834136E+00
     733    4.99830446877617E-01
      43    4.32243439328880E+00
     446    1.05794603222952E+00
     744    4.99906456459745E-01
     583    4.99912030352190E-01
     347    5.90631042259438E-01
     170    1.99991830042913E+00
     165    1.99849538073946E+00
     346    1.19992074737111E+00
     192    6.27683457921714E-01
     318    8.52489582792387E-01
     664    4.99918363180395E-01
     714    9.99923198825987E-01
     495    4.99907020638144E-01
     623    4.99891906002957E-01
     689    9.99924941556983E-01
     468    4.99914125576243E-01
     489    4.99777354127169E-01
     521    4.99918283582085E-01
     320    1.19992667905064E+00
     507    4.99916745359914E-01
     394    1.92437989445682E+00
     413    2.60778934604373E+00
     636    4.99896305775162E-01
     717    4.99901698714115E-01
     670    4.99793646512586E-01
     657    4.99926995547516E-01
     529    4.99918768891779E-01
     267    5.90667444863516E-01
     549    4.99935302492904E-01
     707    4.99982330636906E-01
     716    1.00006064508145E+00
     145    1.99814399762719E+00
      29    1.06390587188394E+00
      49    2.83548979449365E+00
      61    3.08091566890315E-01
      78    1.56576957434793E+00
      79    1.79079609044602E+00
      82    1.49468409032935E+00
      83    1.56161877907822E+00
      84    1.90024463088499E+00
      85    1.67704990249479E-02
      91    2.19155507777029E-01
      92    9.05200848277213E-01
     108    1.94232909907080E+00
     117   -7.09222081413311E-01
     119    1.67026000305485E+00
     120    1.99989177848369E+00
     122   -1.03942490186246E+00
     124    7.20262575884271E-01
     126   -1.04160780493391E+00
     127    1.99826361661105E+00
     128    1.76224403171011E+00
     131    1.27659370580303E+00
     144    1.67963141557671E+00
     151    1.99936765535425E+00
     167    1.99849402687987E+00
     178    1.56916885617292E+00
     179    1.99785733882045E+00
     181    1.99789068724482E+00
     193    1.99843543453861E+00
     195    1.51097189403966E+00
     196    1.99827165970062E+00
     204    3.35155407425181E-01
     205    1.15923502762184E-04
     207    1.42459423997480E-01
     209    2.49982607139975E-01
     210    8.46877239742874E-01
     214    1.15923502762197E-04
     229    2.82603238380278E+00
     231    5.68825713446412E-01
     236    1.91218244829204E+00
     240    4.86295820913096E-01
     244    2.82602673000971E+00
     245    1.95613649775422E+00
     246    2.50809175988044E+00
     256    2.21072719375209E-01
     257    6.32350857230999E-01
     258    5.49758032920980E-01
     259    6.63405115616578E-01
     265    1.19998765768380E+00
     268    5.17110059872452E-01
     269    4.81419739181100E-01
     270    8.57682133511861E-01
     272    4.79521661564419E-01
     275    5.16436612848973E-01
     276    8.54009376099251E-01
     277    5.21139190595319E-01
     281    5.82080123179126E-01
     282    5.13677853155279E-01
     317    8.52691480922586E-01
     319    6.78588994608720E-01
     324    5.26943774907455E-01
     330    1.41801138055704E-01
     331    4.82719136035737E-01
     370    2.03980783682827E+00
     371    2.24663642319675E+00
     373    2.73277607806682E+00
     391    1.43307240939772E+00
     398    2.78596212222662E+00
     404    2.79102950225500E+00
     415    1.81182422199769E+00
     416    1.81423535161837E+00
     418    2.20670455241343E+00
     420    1.41313454779374E+00
     441    2.79150679114450E+00
     444    2.80417420840512E+00
     453    1.00000000000000E+00
     462    1.00000000000000E+00
     467    4.99988331624805E-01
     479    4.99561363944710E-01
     482    6.17732080244530E-02
     485    1.00000000000000E+00
     486    4.99937738163964E-01
     491    4.99716451998420E-01
     494    1.00000000000000E+00
     498    4.99786755435295E-01
     501    1.00000000000000E+00
     503   -9.83291829912007E-01
     515    4.99834220376368E-01
     516    4.99998194991475E-01
     522    4.99988544732676E-01
     528    4.99999731688921E-01
     535    1.00000000000000E+00
     539    1.00000000000000E+00
     548    4.99997264406535E-01
     551    4.99894697331426E-01
     555    1.00000000000000E+00
     562    1.00000000000000E+00
     569    4.99904856140521E-01
     570    4.99996497558850E-01
     573    1.46037141566369E-01
     576    4.99988903399929E-01
     581    1.00000000000000E+00
     593    4.99850883205182E-01
     596    1.00000000000000E+00
     597    1.00000000000000E+00
     600    4.99996117303428E-01
     602    4.99984316417856E-01
     603    4.99999065987213E-01
     610    4.99998994457823E-01
     616    4.99898594912676E-01
     624    1.00000000000000E+00
     629    1.00000000000000E+00
     630    4.99983036467896E-01
     633    4.99712532692677E-01
     637    4.99993810607096E-01
     643    4.99874258166502E-01
     650    1.00000000000000E+00
     651    4.99998418187193E-01
     656    1.00000000000000E+00
     662    4.99905448250280E-01
     663    4.99992016541412E-01
     665    4.99808929776352E-01
     678    4.99997827565725E-01
     683    4.99993581401413E-01
     684    4.99982528063309E-01
     691    4.99998671315776E-01
     705    4.99997251278882E-01
     709    4.99435220733795E-01
     711    4.99991014123771E-01
     732    1.00000000000000E+00
     735    4.99904274254533E-01
     739    4.99952893437862E-01
     743    4.99993395511030E-01
       0
