           Var. Name                       x0                        x                 Gradient
             MUE(01)       0.289510796633D+01       0.289582165715D+01      -0.536863545931D+01
             MUE(02)      -0.236658454066D-01      -0.126205935309D-01      -0.209086800130D+02
             MUE(03)      -0.495652692445D+01      -0.495502797164D+01      -0.357971901923D+01
             MUE(04)      -0.962370209745D+01      -0.962265195082D+01      -0.203190788563D+01
             MUE(05)      -0.215537308106D+01      -0.215198264753D+01      -0.674784055647D+01
    mue_month(01,01)       0.000000000000D+00       0.111046168392D-01      -0.209348757855D+02
    mue_month(01,02)       0.000000000000D+00       0.115345218024D-01      -0.209406774415D+02
    mue_month(01,03)       0.000000000000D+00       0.116881069545D-01      -0.209456031699D+02
    mue_month(01,04)       0.000000000000D+00       0.116976966112D-01      -0.209459684075D+02
    mue_month(01,05)       0.000000000000D+00       0.116044410850D-01      -0.209437463786D+02
    mue_month(01,06)      -0.522044692002D+00      -0.514861680901D+00      -0.139671202970D+02
    mue_month(01,07)      -0.476891020497D+00      -0.468898822130D+00      -0.144305390413D+02
    mue_month(01,08)      -0.440363001739D+00      -0.432190545876D+00      -0.147957189164D+02
    mue_month(01,09)      -0.438397821388D+00      -0.430158595554D+00      -0.148197416654D+02
    mue_month(01,10)      -0.445891708319D+00      -0.437798111357D+00      -0.147352065936D+02
    mue_month(01,11)      -0.639077840874D-01      -0.533637557970D-01      -0.200969611233D+02
    mue_month(02,01)       0.911800591425D-02       0.207195071503D-01      -0.207604204952D+02
    mue_month(02,02)       0.607003329220D+00       0.614262102035D+00      -0.131254835796D+02
    mue_month(02,03)       0.626678316049D+00       0.633982178840D+00      -0.129709678427D+02
    mue_month(02,04)       0.615697230060D+00       0.622955735759D+00      -0.130556175543D+02
    mue_month(02,05)       0.536456880419D+00       0.543484958349D+00      -0.137041251971D+02
    mue_month(02,06)       0.440787284511D+00       0.448924917335D+00      -0.146251747414D+02
    mue_month(02,07)       0.173849030494D+01       0.174041432757D+01      -0.772721120991D+01
    mue_month(02,08)       0.173375038233D+01       0.173680642843D+01      -0.774620201854D+01
    mue_month(02,09)       0.172070132517D+01       0.172371482372D+01      -0.778045199859D+01
    mue_month(02,10)       0.109594159088D+01       0.110084520399D+01      -0.100574857194D+02
    mue_month(02,11)       0.154619081007D+01       0.154933612670D+01      -0.831116255406D+01
    mue_month(03,01)       0.279456087117D+01       0.279642295008D+01      -0.557795896900D+01
    mue_month(03,02)       0.279563074533D+01       0.279752696302D+01      -0.558098524524D+01
    mue_month(03,03)       0.270213237812D+01       0.270406966655D+01      -0.572293259589D+01
    mue_month(03,04)       0.520874954643D+00       0.527538227196D+00      -0.138505890633D+02
    mue_month(03,05)       0.260661181308D+01       0.260862593875D+01      -0.587731204461D+01
    mue_month(03,06)       0.383894302620D+01       0.384044595443D+01      -0.436688697396D+01
    mue_month(03,07)       0.382447313707D+01       0.382606348017D+01      -0.439047564902D+01
    mue_month(03,08)       0.382800255104D+01       0.382948360482D+01      -0.438793098247D+01
    mue_month(03,09)      -0.282982558095D+01      -0.282796554910D+01      -0.553454066752D+01
    mue_month(03,10)       0.315657381255D+01       0.315821913983D+01      -0.508708736901D+01
    mue_month(03,11)       0.483838516371D+01       0.483946837309D+01      -0.361183220884D+01
    mue_month(04,01)       0.484320564376D+01       0.484442225905D+01      -0.362179935667D+01
    mue_month(04,02)       0.485027390843D+01       0.485164583396D+01      -0.361874103499D+01
    mue_month(04,03)      -0.282446428815D+01      -0.282256209286D+01      -0.554747789794D+01
    mue_month(04,04)       0.313087982110D+01       0.313248509491D+01      -0.511291033684D+01
    mue_month(04,05)      -0.648279545728D+00      -0.640835175709D+00      -0.129269674590D+02
    mue_month(04,06)       0.514319548075D+01       0.514435056161D+01      -0.344511712334D+01
    mue_month(04,07)       0.585566325023D+01       0.585671517930D+01      -0.308989362923D+01
    mue_month(04,08)      -0.195164999194D+01      -0.194885193535D+01      -0.718703646032D+01
    mue_month(04,09)       0.365760457214D+01       0.365900345142D+01      -0.453568138141D+01
    mue_month(04,10)       0.425476894821D+00       0.433732063171D+00      -0.147800288326D+02
    mue_month(04,11)       0.614919383082D+01       0.615014657342D+01      -0.295662822250D+01
    mue_month(05,01)       0.691841731768D+01       0.691931317811D+01      -0.267248216602D+01
    mue_month(05,02)      -0.193290261875D+01      -0.193003936721D+01      -0.723572510205D+01
    mue_month(05,03)       0.262998096442D+01       0.263186873646D+01      -0.582413953701D+01
    mue_month(05,04)       0.370215695769D+01       0.370360787664D+01      -0.449587385070D+01
    mue_month(05,05)       0.433509628581D+01       0.433640804424D+01      -0.396716251867D+01
    mue_month(05,06)       0.515667734050D+01       0.515783571394D+01      -0.343843286402D+01
    mue_month(05,07)      -0.387663128024D+01      -0.387495559659D+01      -0.437029781967D+01
    mue_month(05,08)       0.288713672847D+01       0.288885084395D+01      -0.543300855091D+01
    mue_month(05,09)       0.396423680896D+01       0.396561744345D+01      -0.425838140405D+01
    mue_month(05,10)       0.484017163850D+01       0.484134189201D+01      -0.362110109249D+01
    mue_month(05,11)       0.617469903672D+01       0.617566761151D+01      -0.294761625040D+01
        InvCDiag(01)       0.510643786951D+00       0.502934826522D+00      -0.120255442717D+02
        InvCDiag(02)       0.499122699360D+00       0.499490147093D+00      -0.119137324428D+02
        InvCDiag(03)       0.522192598802D+00       0.520097605585D+00      -0.148851103122D+02
        InvCDiag(04)       0.451075251262D+00       0.451513988723D+00      -0.182486302077D+02
        InvCDiag(05)       0.423355920779D+00       0.426912059447D+00      -0.159828818217D+02
     InvCOffDiag(01)       0.151942030285D+01       0.150948876682D+01      -0.819932805447D+01
     InvCOffDiag(02)       0.179684038530D+01       0.179281001823D+01      -0.895953638545D+01
     InvCOffDiag(03)       0.179267341613D+01       0.179071742565D+01      -0.773469032168D+01
     InvCOffDiag(04)       0.151824201561D+01       0.152018400122D+01      -0.788927613894D+01
     InvCOffDiag(05)       0.172197142085D+01       0.172428827481D+01      -0.835457654757D+01
     InvCOffDiag(06)       0.160112134211D+01       0.159691473405D+01      -0.820974632138D+01
     InvCOffDiag(07)       0.176987533197D+01       0.176515289600D+01      -0.762473931263D+01
     InvCOffDiag(08)       0.158834914430D+01       0.159078238540D+01      -0.789904342188D+01
     InvCOffDiag(09)       0.161319360586D+01       0.162393131364D+01      -0.811973475626D+01
     InvCOffDiag(10)       0.182168755738D+01       0.181841990364D+01      -0.901717843157D+01
         BD_beta(01)      -0.122729682057D+01      -0.122253525409D+01      -0.950026875807D+01
         BD_beta(02)       0.145094817400D+01       0.145430394518D+01      -0.861664978392D+01
         BD_beta(03)       0.126036924312D+01       0.127011829671D+01      -0.955511500677D+01
         BD_beta(04)       0.225666261344D+01       0.225910193538D+01      -0.586936849674D+01
         BD_beta(05)       0.916418421044D+00       0.922787529385D+00      -0.110406968987D+02
         BD_beta(06)      -0.152140553906D+01      -0.151822553866D+01      -0.841105999763D+01
         BD_beta(07)       0.143322125173D+01       0.144001520364D+01      -0.483452594308D+01
         BD_beta(08)       0.126121101036D+01       0.127446199336D+01      -0.914860385194D+01
         BD_beta(09)       0.149457722693D+01       0.149497068740D+01      -0.853971937408D+01
         BD_beta(10)      -0.165451809282D+01      -0.165111964590D+01      -0.800996453256D+01
         BD_beta(11)      -0.173562303980D+00      -0.166490145849D+00      -0.178701240479D+02
         BD_beta(12)       0.594490618598D+00       0.600366527268D+00      -0.132208434311D+02
         BD_beta(13)      -0.726929683839D+00      -0.720985534366D+00      -0.123133640115D+02
         BD_beta(14)      -0.233596952814D+01      -0.233329210129D+01      -0.636828330119D+01
         BD_beta(15)       0.135368430779D+00       0.142498954368D+00      -0.185520570177D+02
         BD_beta(16)       0.353120607803D+00       0.359424717648D+00      -0.155753913898D+02
         BD_beta(17)       0.461730264543D+00       0.468437962770D+00      -0.144497869099D+02
         BD_beta(18)       0.102688221267D+01       0.103322734098D+01      -0.105526944794D+02
         BD_beta(19)      -0.130241872864D+01      -0.130040060986D+01      -0.917959801503D+01
         BD_beta(20)      -0.153840937391D+01      -0.153646094063D+01      -0.834093437883D+01
         BD_beta(21)      -0.372189431913D+00      -0.365739432363D+00      -0.155107446991D+02
         BD_beta(22)       0.986282455536D+00       0.998094368932D+00      -0.290949235746D+02
         BD_beta(23)      -0.127134625128D+01      -0.126925059295D+01      -0.931479393012D+01
         BD_beta(24)       0.219628316365D+00       0.226387476301D+00      -0.172244090585D+02
         BD_beta(25)      -0.163587149740D+01      -0.163273270026D+01      -0.804792231243D+01
         BD_beta(26)      -0.830442447827D+00      -0.824844471572D+00      -0.115889452476D+02
         BD_beta(27)       0.771764309010D+00       0.777555801037D+00      -0.119137432651D+02
         BC_beta(01)       0.399999237658D+01       0.400137203294D+01      -0.115750831025D+02
         BC_beta(02)       0.560837681884D+00       0.569868924265D+00       0.173607750535D+02
         BC_beta(03)       0.208075475115D+01       0.208370710548D+01      -0.122064933353D+02
         BC_beta(04)       0.887082796408D+00       0.887103624127D+00      -0.112006350509D+02
         BC_beta(05)      -0.947790258910D+00      -0.945132138740D+00      -0.108170784167D+02
         BC_beta(06)       0.541851424443D+00       0.572016149988D+00      -0.137444932603D+02
         BC_beta(07)       0.404645798626D+01       0.404781213353D+01      -0.418953479175D+01
         BC_beta(08)       0.457707735657D+01       0.457836397554D+01      -0.379673401159D+01
         BC_beta(09)       0.400012881676D+01       0.400158256990D+01      -0.423739072896D+01
         BC_beta(10)      -0.899922181595D-02      -0.133202833435D-01      -0.209533837758D+02
         BC_beta(11)       0.499890260027D+01       0.499874296689D+01      -0.353067834959D+01
         BC_beta(12)       0.499890173437D+01       0.499874207071D+01      -0.353066016655D+01
         BC_beta(13)       0.203590189471D+01       0.203887512724D+01      -0.696241820324D+01
         BC_beta(14)       0.172463425879D+01       0.172649088061D+01      -0.776091418133D+01
         BC_beta(15)      -0.237181184574D+00      -0.221783082972D+00      -0.175355387079D+02
         BC_beta(16)       0.110870283938D+00       0.112796807854D+00      -0.185824314873D+02
         BC_beta(17)      -0.327260170291D+00      -0.316125253396D+00      -0.159942746846D+02
         BC_beta(18)      -0.131700900526D+00      -0.138268602777D+00      -0.109460690946D+02
         BC_beta(19)      -0.802613517798D+00      -0.790140803868D+00      -0.123000918800D+02
         BC_beta(20)       0.164207437221D+01       0.164507549689D+01      -0.799425999038D+01
         BC_beta(21)       0.534594259194D+00       0.541224498559D+00      -0.136831173627D+02
         BC_beta(22)       0.674776669279D+00       0.684147436978D+00      -0.140201457385D+02
         BC_beta(23)       0.895630283041D+00       0.901689441082D+00      -0.124939871257D+02
         BC_beta(24)      -0.105568333809D+01      -0.104221579888D+01      -0.580229340314D+01
         BC_beta(25)       0.249365968844D+01       0.249522517585D+01      -0.601240947571D+01
         BC_beta(26)       0.665419069447D+00       0.659511802206D+00      -0.126857578102D+02
         BC_beta(27)       0.499983759010D+01       0.499876028431D+01      -0.353051714220D+01
         BC_beta(28)      -0.993799203788D+00      -0.989390282588D+00      -0.104218063374D+02
         BC_beta(29)       0.938157012684D+00       0.943725950625D+00      -0.108609114181D+02
         BC_beta(30)       0.824324352005D+00       0.829552922353D+00      -0.114298171382D+02
         BC_beta(31)      -0.192392632712D+01      -0.192375358233D+01      -0.731468910375D+01
         BC_beta(32)       0.499983914127D+01       0.499876159245D+01      -0.353035779754D+01
         BC_beta(33)       0.499983907681D+01       0.499876241867D+01      -0.353048485863D+01
         BC_beta(34)      -0.438627353010D+00      -0.430591017297D+00      -0.149806361601D+02
         BC_beta(35)       0.341265317867D+01       0.341425247470D+01      -0.479795057754D+01
         BC_beta(36)      -0.642623115434D+00      -0.635110039100D+00      -0.129908494100D+02
         BC_beta(37)       0.295903096960D+01       0.296083765824D+01      -0.534421523826D+01
         BC_beta(38)      -0.178654683964D+00      -0.167054058500D+00      -0.182546023904D+02
         BC_beta(39)       0.329868565077D+01       0.329698977851D+01      -0.875264781241D+01
         BC_beta(40)       0.416353845295D+01       0.416208356744D+01      -0.410317195942D+01
         BC_beta(41)       0.564995238989D+00       0.572722403952D+00      -0.134947376906D+02
         BC_beta(42)       0.589194458194D+00       0.595937549302D+00      -0.132775536296D+02
         BC_beta(43)       0.333959161589D+01       0.334121740918D+01      -0.487851854566D+01
         BC_beta(44)       0.407727760330D+01       0.407866432627D+01      -0.417240083840D+01
         BC_beta(45)       0.478153869459D+01       0.478240469403D+01      -0.366000448757D+01
         BC_beta(46)       0.399791704786D+01       0.399899286249D+01      -0.420516456092D+01
         BC_beta(47)       0.283361751570D+01       0.283630201390D+01      -0.551822336900D+01
         BC_beta(48)       0.138370466661D+01       0.138577464676D+01      -0.888742973647D+01
         BC_beta(49)       0.672542078460D+00       0.682306754242D+00      -0.126601121252D+02
         BC_beta(50)       0.346960667627D+00       0.357263789105D+00      -0.154892709900D+02
         BC_beta(51)       0.264805083438D+01       0.264992323377D+01      -0.579869919354D+01
         BC_beta(52)       0.186784444217D+01       0.186977503542D+01      -0.737228491797D+01
         BC_beta(53)       0.928230900140D+00       0.942674986927D+00      -0.108954763369D+02
         BC_beta(54)       0.102286824139D+01       0.103760006346D+01      -0.140723056551D+02
         BC_beta(55)       0.123616621282D+01       0.124132661152D+01      -0.943624502418D+01
         BC_beta(56)       0.156295315272D+01       0.156621613305D+01      -0.832617609859D+01
         BC_beta(57)      -0.337600438848D-01      -0.212612417071D-01      -0.208055491984D+02
         BC_beta(58)      -0.514761041757D-01      -0.412750546346D-01      -0.202915676471D+02
         BC_beta(59)       0.217718155703D+01       0.218006449385D+01      -0.666273026463D+01
         BC_beta(60)       0.420341741699D+01       0.420472558950D+01      -0.406714355230D+01
         BC_beta(61)       0.102753638594D+01       0.103321261851D+01      -0.104273058841D+02
         BC_beta(62)       0.848433819028D+00       0.857031910481D+00      -0.113465292570D+02
         BC_beta(63)       0.499983964248D+01       0.499876442060D+01      -0.353065777042D+01
         BC_beta(64)      -0.217506491860D+00      -0.208153986774D+00      -0.175255476337D+02
         BC_beta(65)       0.358200033173D+01       0.358354383050D+01      -0.462063937490D+01
         BC_beta(66)       0.400017845263D+01       0.400159068031D+01      -0.423453159435D+01
         BC_beta(67)       0.366771556878D+01       0.366922844760D+01      -0.453601100432D+01
         BC_beta(68)       0.499983963482D+01       0.499876438811D+01      -0.353064774972D+01
         BC_beta(69)       0.499983962185D+01       0.499876437086D+01      -0.353064594592D+01
         BC_beta(70)       0.468032109576D+01       0.468146010670D+01      -0.372782954599D+01
         BC_beta(71)       0.852622393813D+00       0.858530555856D+00      -0.113944768057D+02
         BC_beta(72)      -0.430145471606D+00      -0.424108075771D+00      -0.149379890779D+02
         BC_beta(73)       0.830790744820D-01       0.914509075258D-01      -0.194678861888D+02
         BC_beta(74)       0.286642372049D+00       0.290941225327D+00      -0.164838452381D+02
         BC_beta(75)       0.117229844128D+00       0.131414969447D+00      -0.188253743781D+02
         BC_beta(76)       0.263951641902D+01       0.264252642220D+01      -0.580389050885D+01
         BC_beta(77)       0.799699883798D+00       0.807238536282D+00      -0.117941129881D+02
         BC_beta(78)       0.219134466697D+00       0.254980791484D+00      -0.169435222407D+02
         BC_beta(79)      -0.171345324083D+00      -0.160508163818D+00      -0.182955877642D+02
         BC_beta(80)      -0.722581699614D+00      -0.715811630597D+00      -0.123239146286D+02
         BC_beta(81)       0.400017941533D+01       0.400159375873D+01      -0.423504130566D+01
         BC_beta(82)       0.133318831190D-01       0.261642800771D-01      -0.207253829590D+02
         BC_beta(83)      -0.134288115954D+01      -0.133831382452D+01      -0.911709408265D+01
         BC_beta(84)       0.659067013684D+00       0.665632404075D+00      -0.126588191544D+02
         BC_beta(85)       0.239688945859D+00       0.249319077391D+00      -0.169538374646D+02
         BC_beta(86)      -0.584836851456D-01      -0.432418500695D-01      -0.204537051301D+02
         BC_beta(87)       0.330535114663D+01       0.330699591643D+01      -0.491821954176D+01
         BC_beta(88)      -0.211816831075D+01      -0.211598024810D+01      -0.678272661454D+01
         BC_beta(89)       0.289830777659D+01       0.290012087506D+01      -0.543098834786D+01
         BC_beta(90)      -0.236661114914D+01      -0.236448189200D+01      -0.629866696467D+01
         BC_beta(91)       0.423064832548D+01       0.423198666214D+01      -0.404623855530D+01
         BC_beta(92)       0.248677558014D+01       0.248877610517D+01      -0.606634494444D+01
         BC_beta(93)       0.407748168712D+01       0.407887237503D+01      -0.417006688375D+01
         BC_beta(94)       0.226003567989D+01       0.226191659096D+01      -0.646187800327D+01
         BC_beta(95)       0.339930176709D+01       0.340090823290D+01      -0.481275065690D+01
         BC_beta(96)       0.125299876082D+01       0.125813128223D+01      -0.938352334934D+01
         BC_beta(97)       0.396698679340D+01       0.396840785431D+01      -0.426264513500D+01
         BC_beta(98)       0.100845907508D+01       0.100468897169D+01      -0.105544997243D+02
        BD_CDiag(01)      -0.499112166258D+00      -0.492829574174D+00      -0.141999611151D+02
        BD_CDiag(02)       0.423978028824D+00       0.428114077474D+00      -0.148212781036D+02
        BD_CDiag(03)       0.896218996669D-01       0.870069656484D-01      -0.777231798408D+01
        BD_CDiag(04)       0.126551640889D+00       0.132971183385D+00       0.249810538580D+02
        BD_CDiag(05)       0.178822654991D+00       0.183122853412D+00      -0.178695330446D+02
        BD_CDiag(06)       0.820823559326D+00       0.823476922451D+00      -0.116367058496D+02
        BD_CDiag(07)       0.181365896157D+00       0.163102231795D+00      -0.497995745164D+02
        BD_CDiag(08)       0.329413999401D+00       0.327991153583D+00      -0.156244289504D+02
        BD_CDiag(09)       0.166778637177D+00       0.172918071316D+00      -0.179496351924D+02
        BD_CDiag(10)       0.854642605716D+00       0.856607025542D+00      -0.114095934955D+02
        BD_CDiag(11)       0.894747469447D+00       0.896039859706D+00      -0.111378761232D+02
        BD_CDiag(12)       0.692589391348D+00       0.694427099135D+00      -0.123864563134D+02
        BD_CDiag(13)       0.144883507882D+00       0.151103924452D+00      -0.326497676553D+02
        BD_CDiag(14)       0.993231766061D+00       0.993560490216D+00      -0.106518891147D+02
        BD_CDiag(15)       0.115018059865D-01       0.205074932361D-01      -0.207486785097D+02
        BD_CDiag(16)       0.144956807650D-01       0.245458056199D-01      -0.206723037164D+02
        BD_CDiag(17)       0.961847731853D-01       0.900350855812D-01      -0.194290622861D+02
        BD_CDiag(18)       0.189532250355D+00       0.194792097643D+00      -0.176796063575D+02
        BD_CDiag(19)       0.998674667705D+00       0.997864707036D+00      -0.106054623838D+02
        BD_CDiag(20)       0.998578751087D+00       0.997886121688D+00      -0.106016071299D+02
        BD_CDiag(21)       0.831799406023D+00       0.833163889572D+00      -0.115149537847D+02
        BD_CDiag(22)       0.144846600166D+00       0.149988707904D+00      -0.502304470435D+02
        BD_CDiag(23)       0.881241659175D+00       0.882062169834D+00      -0.112082138100D+02
        BD_CDiag(24)       0.885669748442D+00       0.886904603079D+00      -0.111914061062D+02
        BD_CDiag(25)       0.747556815387D+00       0.750991518024D+00      -0.121203358739D+02
        BD_CDiag(26)       0.501072033775D+00       0.505567635764D+00      -0.140667534621D+02
        BD_CDiag(27)       0.234682806333D+00       0.240043008501D+00      -0.170684049527D+02
     BD_COffDiag(01)       0.244263505401D+01       0.244469881522D+01      -0.615376850131D+01
     BD_COffDiag(02)       0.566986079756D+00       0.576083194510D+00      -0.134272867073D+02
     BD_COffDiag(03)       0.282143852526D+01       0.282180447878D+01      -0.551977477009D+01
     BD_COffDiag(04)       0.176197200761D+01       0.176488643002D+01      -0.766452805300D+01
     BD_COffDiag(05)       0.105935624161D+01       0.106470097374D+01      -0.102430821978D+02
     BD_COffDiag(06)       0.268319784600D+01       0.268324507136D+01      -0.572671021067D+01
     BD_COffDiag(07)       0.144021778150D+01       0.143918508605D+01      -0.925766730855D+01
     BD_COffDiag(08)       0.191296724665D+01       0.191546041032D+01      -0.738767215402D+01
     BD_COffDiag(09)       0.108021086569D+01       0.108601250018D+01      -0.101733085203D+02
     BD_COffDiag(10)       0.209560307823D+01       0.210115443341D+01      -0.684366695064D+01
     BD_COffDiag(11)       0.130507993421D+01       0.130888941840D+01      -0.914090137290D+01
     BD_COffDiag(12)       0.276510388531D+01       0.276589022068D+01      -0.562543898531D+01
     BD_COffDiag(13)       0.131101126171D+01       0.131283374110D+01      -0.910995399783D+01
     BD_COffDiag(14)       0.279690643496D+01       0.279753045463D+01      -0.557733804514D+01
     BD_COffDiag(15)       0.282729223487D+01       0.282563815003D+01      -0.553621589307D+01
     BD_COffDiag(16)       0.282729192993D+01       0.282565913954D+01      -0.553479374428D+01
     BD_COffDiag(17)       0.262373786355D+01       0.262520093963D+01      -0.583795514487D+01
     BD_COffDiag(18)       0.282485887058D+01       0.282525633641D+01      -0.553355413912D+01
     BD_COffDiag(19)       0.208428916593D+01       0.208656612224D+01      -0.686100226117D+01
     BD_COffDiag(20)       0.154097851611D+01       0.154391952605D+01      -0.834196457244D+01
     BD_COffDiag(21)       0.282736241765D+01       0.282578329666D+01      -0.552555690679D+01
     BD_COffDiag(22)       0.135135853521D+01       0.135594935541D+01      -0.903679782305D+01
     BD_COffDiag(23)       0.181691757216D+01       0.180310022977D+01      -0.461997655925D+01
     BD_COffDiag(24)       0.282726591697D+01       0.282557005126D+01      -0.552677799584D+01
     BD_COffDiag(25)       0.238545831527D+01       0.238697175259D+01      -0.623753049845D+01
     BD_COffDiag(26)       0.159312761910D+01       0.159619498355D+01      -0.815801641721D+01
        BC_CDiag(01)       0.999275478523D+00       0.997448381598D+00      -0.107290414758D+02
        BC_CDiag(02)       0.815249740505D+00       0.808010222962D+00      -0.124418260566D+02
        BC_CDiag(03)       0.999972898441D+00       0.991112207483D+00      -0.125138017630D+02
        BC_CDiag(04)       0.926830711434D+00       0.927117532154D+00      -0.113522727850D+02
        BC_CDiag(05)       0.446919692482D+00       0.447127626107D+00      -0.149230606582D+02
        BC_CDiag(06)       0.996594708426D+00       0.987692319076D+00      -0.106689911488D+02
        BC_CDiag(07)       0.941100148327D+00       0.942082207815D+00      -0.109227728281D+02
        BC_CDiag(08)       0.515078468181D+00       0.519187974553D+00      -0.139413161044D+02
        BC_CDiag(09)       0.998721956533D+00       0.998014717987D+00      -0.105937842712D+02
        BC_CDiag(10)       0.909830446841D+00       0.910971098021D+00      -0.110552378137D+02
        BC_CDiag(11)       0.998590152024D+00       0.997946323560D+00      -0.106005978638D+02
        BC_CDiag(12)       0.507416853905D+00       0.511568496392D+00      -0.140116173125D+02
        BC_CDiag(13)       0.999312364300D+00       0.998552874867D+00      -0.105985319213D+02
        BC_CDiag(14)       0.998572826806D+00       0.997929758571D+00      -0.105997190121D+02
        BC_CDiag(15)       0.487509178981D+00       0.484976184380D+00       0.189184374438D+02
        BC_CDiag(16)       0.463685975828D+00       0.468008260854D+00      -0.392204130019D+02
        BC_CDiag(17)       0.392087421024D+00       0.392048159893D+00      -0.421136074022D+02
        BC_CDiag(18)       0.534182099916D+00       0.541281780287D+00      -0.380831719535D+02
        BC_CDiag(19)       0.565273218820D+00       0.573184027504D+00      -0.134240488718D+02
        BC_CDiag(20)       0.998418602944D+00       0.997762443725D+00      -0.106210814230D+02
        BC_CDiag(21)       0.780791090278D+00       0.784481245472D+00      -0.119048966546D+02
        BC_CDiag(22)       0.335488626746D+00       0.339758178033D+00      -0.153922879421D+02
        BC_CDiag(23)       0.410587541317D+00       0.415432036984D+00      -0.264993139303D+02
        BC_CDiag(24)       0.226099709510D+00       0.233949663835D+00      -0.478545551129D+02
        BC_CDiag(25)       0.627151596104D+00       0.630949565221D+00      -0.129920698097D+02
        BC_CDiag(26)       0.339919422811D+00       0.323064175278D+00      -0.159528965868D+02
        BC_CDiag(27)       0.998587901235D+00       0.997944252302D+00      -0.106008159061D+02
        BC_CDiag(28)       0.998687170984D+00       0.997258810642D+00      -0.104526062350D+02
        BC_CDiag(29)       0.711872543099D+00       0.714367411097D+00      -0.123438171914D+02
        BC_CDiag(30)       0.676564769081D+00       0.679043129627D+00      -0.126188143164D+02
        BC_CDiag(31)       0.997957377423D+00       0.988293447078D+00      -0.107561005746D+02
        BC_CDiag(32)       0.998592686545D+00       0.997956049761D+00      -0.106013126958D+02
        BC_CDiag(33)       0.998591753735D+00       0.997953037633D+00      -0.106010270305D+02
        BC_CDiag(34)       0.604998246958D+00       0.594549834701D+00      -0.134470789202D+02
        BC_CDiag(35)       0.425307766186D-01       0.495036439445D-01      -0.201811708833D+02
        BC_CDiag(36)       0.957820197647D-01       0.102201746315D+00      -0.192195905064D+02
        BC_CDiag(37)       0.667046074603D+00       0.670128510441D+00      -0.126973336633D+02
        BC_CDiag(38)       0.698952278632D+00       0.702510376494D+00      -0.124759824790D+02
        BC_CDiag(39)       0.998592211858D+00       0.997932158833D+00      -0.106003691785D+02
        BC_CDiag(40)       0.998600677022D+00       0.998045199315D+00      -0.105987884475D+02
        BC_CDiag(41)       0.998467698896D+00       0.996858915585D+00      -0.105963787870D+02
        BC_CDiag(42)       0.696362711230D+00       0.698171568691D+00       0.165762527723D+02
        BC_CDiag(43)       0.998591446523D+00       0.997949525559D+00      -0.106008374521D+02
        BC_CDiag(44)       0.998509059477D+00       0.997886111833D+00      -0.105942739654D+02
        BC_CDiag(45)       0.998639596677D+00       0.998105254305D+00      -0.106094534449D+02
        BC_CDiag(46)       0.999091317684D+00       0.997955601795D+00      -0.107043384689D+02
        BC_CDiag(47)       0.998940802911D+00       0.998272509022D+00      -0.105993365332D+02
        BC_CDiag(48)       0.995520853271D+00       0.995053253650D+00      -0.106298199010D+02
        BC_CDiag(49)       0.998582440450D+00       0.997438329162D+00      -0.105810415284D+02
        BC_CDiag(50)       0.689180970662D+00       0.693153458869D+00      -0.125781117996D+02
        BC_CDiag(51)       0.899330607832D+00       0.901119163042D+00      -0.111442008736D+02
        BC_CDiag(52)       0.994491221352D+00       0.994600290388D+00      -0.106096421208D+02
        BC_CDiag(53)       0.541406011614D+00       0.535515862557D+00      -0.137788723030D+02
        BC_CDiag(54)       0.465100641658D+00       0.457335549683D+00      -0.144172819617D+02
        BC_CDiag(55)       0.686714172625D+00       0.689736649642D+00      -0.115336211578D+02
        BC_CDiag(56)       0.725155524320D+00       0.727915125260D+00      -0.112608236426D+02
        BC_CDiag(57)       0.585832913988D+00       0.596855018616D+00      -0.121491261879D+02
        BC_CDiag(58)       0.527652794436D+00       0.533343456198D+00      -0.138333936583D+02
        BC_CDiag(59)       0.794323507308D+00       0.796627175492D+00      -0.117709629918D+02
        BC_CDiag(60)       0.998842321955D+00       0.998286376129D+00      -0.106005618207D+02
        BC_CDiag(61)       0.523080499853D+00       0.527204385126D+00      -0.138317268027D+02
        BC_CDiag(62)       0.538168220706D+00       0.521022015641D+00      -0.146859345406D+02
        BC_CDiag(63)       0.998590444365D+00       0.997946652994D+00      -0.106006316051D+02
        BC_CDiag(64)       0.998581092711D+00       0.997965318980D+00      -0.106374179047D+02
        BC_CDiag(65)       0.998593676985D+00       0.997920151206D+00      -0.106008662735D+02
        BC_CDiag(66)       0.255911497278D-01       0.326939587298D-01      -0.205089872386D+02
        BC_CDiag(67)       0.507403158358D+00       0.511555864354D+00      -0.140117194608D+02
        BC_CDiag(68)       0.998590454626D+00       0.997946689449D+00      -0.106006425205D+02
        BC_CDiag(69)       0.998590470292D+00       0.997946709817D+00      -0.106006441853D+02
        BC_CDiag(70)       0.108967897180D+00       0.115495248814D+00      -0.189866517796D+02
        BC_CDiag(71)       0.998605310532D+00       0.998024698838D+00      -0.105973018480D+02
        BC_CDiag(72)       0.456366261913D+00       0.463437079014D+00      -0.145205450266D+02
        BC_CDiag(73)       0.602050246183D+00       0.606608412771D+00      -0.131984429277D+02
        BC_CDiag(74)       0.252201161800D+00       0.261286060238D+00      -0.168120751475D+02
        BC_CDiag(75)       0.379230838407D+00       0.382336587826D+00      -0.152947223419D+02
        BC_CDiag(76)       0.668254101153D+00       0.670742151498D+00      -0.126908917841D+02
        BC_CDiag(77)       0.541066895850D+00       0.544409112103D+00      -0.136340784904D+02
        BC_CDiag(78)       0.543823286949D+00       0.557455173031D+00      -0.372629426838D+02
        BC_CDiag(79)       0.639659655013D+00       0.641215998367D+00      -0.128240857084D+02
        BC_CDiag(80)       0.517296222196D+00       0.520606556662D+00      -0.138947104772D+02
        BC_CDiag(81)       0.507398790749D+00       0.511539224324D+00      -0.140107707021D+02
        BC_CDiag(82)       0.646808800414D+00       0.651435716522D+00      -0.128509135607D+02
        BC_CDiag(83)       0.538276798807D+00       0.542437251693D+00      -0.138674425823D+02
        BC_CDiag(84)       0.679518303121D+00       0.682993872245D+00      -0.125938608148D+02
        BC_CDiag(85)       0.552275557383D+00       0.557959981729D+00      -0.136336247301D+02
        BC_CDiag(86)       0.758250246357D+00       0.761063793793D+00      -0.723474468319D+01
        BC_CDiag(87)       0.987650675107D+00       0.987824156144D+00      -0.106534308311D+02
        BC_CDiag(88)       0.999390793810D+00       0.998571357583D+00      -0.105840942684D+02
        BC_CDiag(89)       0.998587885331D+00       0.997941404467D+00      -0.106000861463D+02
        BC_CDiag(90)       0.998480694879D+00       0.997849909681D+00      -0.106145977628D+02
        BC_CDiag(91)       0.998604070248D+00       0.997989390195D+00      -0.106044325249D+02
        BC_CDiag(92)       0.998618541966D+00       0.997998274744D+00      -0.106069108132D+02
        BC_CDiag(93)       0.235033030841D+00       0.240754365773D+00      -0.170699326975D+02
        BC_CDiag(94)       0.992555509811D+00       0.992889656932D+00      -0.106631013880D+02
        BC_CDiag(95)       0.653473355713D+00       0.656859728170D+00      -0.127829765971D+02
        BC_CDiag(96)       0.998594118627D+00       0.997949478358D+00      -0.105966346162D+02
        BC_CDiag(97)       0.998579582776D+00       0.997937167708D+00      -0.106021748901D+02
        BC_CDiag(98)       0.998577381018D+00       0.997869210454D+00      -0.105939660641D+02
     BC_COffDiag(01)       0.163211154431D+01       0.163066518775D+01      -0.830161437512D+01
     BC_COffDiag(02)       0.281438602060D+01       0.281049183768D+01       0.707057822825D+01
     BC_COffDiag(03)       0.279760473980D+01       0.279756112029D+01      -0.533181564933D+01
     BC_COffDiag(04)       0.149443164643D+01       0.149318310685D+01      -0.849745165064D+01
     BC_COffDiag(05)       0.102661735408D+01       0.102476394219D+01      -0.104243244051D+02
     BC_COffDiag(06)       0.886858520602D+00       0.892848545589D+00      -0.111838945426D+02
     BC_COffDiag(07)       0.282662501584D+01       0.282566606403D+01      -0.553616958841D+01
     BC_COffDiag(08)       0.182926353623D+01       0.183176247982D+01      -0.747897715231D+01
     BC_COffDiag(09)       0.247892734305D+01       0.247844150549D+01      -0.616213870240D+01
     BC_COffDiag(10)       0.182917184514D+01       0.183166769859D+01      -0.747949103878D+01
     BC_COffDiag(11)       0.173776274035D+01       0.174034195451D+01      -0.772878749476D+01
     BC_COffDiag(12)       0.201158828378D+01       0.201397184054D+01      -0.584895703753D+01
     BC_COffDiag(13)       0.131630223004D+01       0.131983102518D+01      -0.913348793738D+01
     BC_COffDiag(14)       0.269797178242D+01       0.269227822187D+01      -0.534832637740D+01
     BC_COffDiag(15)       0.540388129571D+00       0.550107830660D+00      -0.136350878520D+02
     BC_COffDiag(16)       0.219124769605D+01       0.219625231493D+01      -0.179225176559D+02
     BC_COffDiag(17)       0.222519766702D+01       0.222057035804D+01      -0.179712409569D+02
     BC_COffDiag(18)       0.142372782544D+01       0.142876697984D+01      -0.847707497701D+01
     BC_COffDiag(19)       0.212532661317D+01       0.212687935881D+01      -0.768372702105D+01
     BC_COffDiag(20)       0.230547618573D+01       0.230380966302D+01      -0.357399172664D+01
     BC_COffDiag(21)       0.127453242249D+01       0.129091686235D+01      -0.919116759699D+01
     BC_COffDiag(22)       0.279585454989D+01       0.279599238570D+01      -0.501427195367D+01
     BC_COffDiag(23)       0.279043249341D+01       0.279082884440D+01      -0.562740664516D+01
     BC_COffDiag(24)       0.135341240894D+01       0.135635697083D+01      -0.878481366723D+01
     BC_COffDiag(25)       0.245506574216D+01       0.245167578591D+01      -0.616373871013D+01
     BC_COffDiag(26)       0.115588167979D+01       0.116121502315D+01      -0.980114177791D+01
     BC_COffDiag(27)       0.976502734655D+00       0.983428479020D+00      -0.108724469124D+02
     BC_COffDiag(28)       0.187100564685D+01       0.187364351840D+01      -0.737411509217D+01
     BC_COffDiag(29)       0.197815780591D+01       0.198158589622D+01      -0.719439747951D+01
     BC_COffDiag(30)       0.282730608587D+01       0.282558750613D+01      -0.554676652353D+01
     BC_COffDiag(31)       0.282729569496D+01       0.282565106577D+01      -0.553763559870D+01
     BC_COffDiag(32)       0.148705391413D+01       0.149020439986D+01      -0.850483548561D+01
     BC_COffDiag(33)       0.282359386192D+01       0.282433522995D+01      -0.542099839850D+01
     BC_COffDiag(34)       0.596888413838D+01       0.282574189926D+01      -0.553603486130D+01
     BC_COffDiag(35)       0.850747032931D+00       0.857132287051D+00      -0.114032322251D+02
     BC_COffDiag(36)       0.188611912746D+01       0.188855158262D+01      -0.734171414317D+01
     BC_COffDiag(37)       0.111321189543D+01       0.111889647876D+01      -0.997357333408D+01
     BC_COffDiag(38)       0.282723462704D+01       0.282554807142D+01      -0.982184210657D+01
     BC_COffDiag(39)       0.282729622350D+01       0.282583237137D+01      -0.554011468169D+01
     BC_COffDiag(40)       0.847661365516D+00       0.854352712292D+00       0.151471378237D+02
     BC_COffDiag(41)       0.182827713514D+01       0.182941068563D+01      -0.133404685016D+02
     BC_COffDiag(42)       0.194017671577D+01       0.194258459971D+01      -0.719832871061D+01
     BC_COffDiag(43)       0.282729460812D+01       0.282577258029D+01      -0.553270691528D+01
     BC_COffDiag(44)       0.282731231514D+01       0.282571478336D+01      -0.554105000813D+01
     BC_COffDiag(45)       0.281812309036D+01       0.280993135647D+01      -0.561994627500D+01
     BC_COffDiag(46)       0.191713218828D+01       0.192020285796D+01      -0.725046583654D+01
     BC_COffDiag(47)       0.282576429955D+01       0.282568902691D+01      -0.549134153395D+01
     BC_COffDiag(48)       0.204741005371D+01       0.205214562052D+01      -0.702693312099D+01
     BC_COffDiag(49)       0.282724831769D+01       0.282481126685D+01      -0.563397569664D+01
     BC_COffDiag(50)       0.113177631371D+01       0.113702022288D+01      -0.990531933157D+01
     BC_COffDiag(51)       0.123399302089D+01       0.123903870954D+01      -0.945574741383D+01
     BC_COffDiag(52)       0.164901221935D+01       0.165169394207D+01      -0.798126917711D+01
     BC_COffDiag(53)       0.264152866375D+01       0.262922283762D+01      -0.756255965457D+01
     BC_COffDiag(54)       0.732407501298D+00       0.737804072281D+00      -0.121774635191D+02
     BC_COffDiag(55)       0.117564939217D+01       0.118097164044D+01      -0.969285616796D+01
     BC_COffDiag(56)       0.442751418579D+00       0.457108538243D+00      -0.145067653795D+02
     BC_COffDiag(57)       0.260821509754D+01       0.260876841033D+01      -0.572206042032D+01
     BC_COffDiag(58)       0.168249323516D+01       0.168561375425D+01      -0.782275630543D+01
     BC_COffDiag(59)       0.213259139450D+01       0.213482378974D+01      -0.675232457638D+01
     BC_COffDiag(60)       0.141071078441D+01       0.141639556205D+01      -0.877009851304D+01
     BC_COffDiag(61)       0.853726768076D+00       0.861183425305D+00      -0.120084934778D+02
     BC_COffDiag(62)       0.282729151353D+01       0.282563478794D+01      -0.553620737478D+01
     BC_COffDiag(63)       0.282722294471D+01       0.282562555632D+01      -0.555482374850D+01
     BC_COffDiag(64)       0.207797414444D+01       0.208108331231D+01      -0.687368116534D+01
     BC_COffDiag(65)       0.596831351147D+01       0.282574183335D+01      -0.553605574502D+01
     BC_COffDiag(66)       0.282672113126D+01       0.282649548741D+01      -0.553495957702D+01
     BC_COffDiag(67)       0.282729151131D+01       0.282563480572D+01      -0.553621039273D+01
     BC_COffDiag(68)       0.237591359231D+01       0.237761345677D+01      -0.627055828602D+01
     BC_COffDiag(69)       0.282672085773D+01       0.282649466403D+01      -0.553496664697D+01
     BC_COffDiag(70)       0.185880607823D+01       0.186101717001D+01      -0.739961702143D+01
     BC_COffDiag(71)       0.282729118148D+01       0.282563513201D+01      -0.549358243970D+01
     BC_COffDiag(72)       0.282742956109D+01       0.282580529672D+01      -0.549082351032D+01
     BC_COffDiag(73)       0.282738119631D+01       0.282623368152D+01      -0.549057275633D+01
     BC_COffDiag(74)       0.282716429994D+01       0.282287215265D+01      -0.550486390276D+01
     BC_COffDiag(75)       0.263293428081D+01       0.263471141439D+01      -0.584783032930D+01
     BC_COffDiag(76)       0.268823838263D+01       0.269011168069D+01      -0.570935060005D+01
     BC_COffDiag(77)       0.477862425167D+00       0.496532023150D+00      -0.140136555771D+02
     BC_COffDiag(78)       0.149005866335D+01       0.149323196823D+01      -0.851338714062D+01
     BC_COffDiag(79)       0.205416929561D+01       0.205713235258D+01      -0.694265018843D+01
     BC_COffDiag(80)       0.282729077382D+01       0.282563227728D+01      -0.553583385540D+01
     BC_COffDiag(81)       0.282506813319D+01       0.282419909661D+01      -0.545705473177D+01
     BC_COffDiag(82)       0.757359142932D+00       0.765343333963D+00      -0.120701653933D+02
     BC_COffDiag(83)       0.196232847655D+01       0.196526237074D+01      -0.808188815320D+01
     BC_COffDiag(84)       0.104814291405D+01       0.105459429747D+01      -0.103361924987D+02
     BC_COffDiag(85)       0.243917312488D+01       0.243842834659D+01      -0.650419954168D+01
     BC_COffDiag(86)       0.282728975909D+01       0.282563039814D+01      -0.553554119738D+01
     BC_COffDiag(87)       0.282741589949D+01       0.282586343404D+01      -0.555427206878D+01
     BC_COffDiag(88)       0.198382666187D+01       0.198619368903D+01      -0.709341104813D+01
     BC_COffDiag(89)       0.282721841349D+01       0.282562002516D+01      -0.554931729171D+01
     BC_COffDiag(90)       0.282729875701D+01       0.282565951499D+01      -0.553929366150D+01
     BC_COffDiag(91)       0.282736829683D+01       0.282581450060D+01      -0.555505598038D+01
     BC_COffDiag(92)       0.282729152125D+01       0.282563484268D+01      -0.553621783116D+01
     BC_COffDiag(93)       0.282644478720D+01       0.282625032236D+01      -0.553760036030D+01
     BC_COffDiag(94)       0.257774050709D+01       0.257896742595D+01      -0.591740556655D+01
     BC_COffDiag(95)       0.220265504928D+01       0.220472009314D+01      -0.660200626747D+01
     BC_COffDiag(96)       0.257819069525D+01       0.257942132509D+01      -0.591740251212D+01
     BC_COffDiag(97)       0.182779570405D+01       0.182455887561D+01      -0.751566574104D+01
                  LValue0       0.761796489133-311
                   LValue       0.751659821266D+01
