           Var. Name                       x0                        x                 Gradient
             MUE(01)       0.193007040699D+01       0.192992585768D+01       0.183907934646D-01
             MUE(02)       0.434013632833D+00       0.434905903234D+00       0.506437699862D-02
             MUE(03)      -0.436566908399D+01      -0.436574327878D+01       0.192650722637D-01
             MUE(04)      -0.902039751541D+01      -0.902038295430D+01      -0.505020887916D-01
             MUE(05)      -0.166950726825D+01      -0.166958569098D+01      -0.312270047742D-01
    mue_month(01,01)       0.000000000000D+00       0.132145438870D-02       0.709286740178D-02
    mue_month(01,02)       0.000000000000D+00       0.132940673079D-02       0.171971252399D-03
    mue_month(01,03)       0.000000000000D+00       0.135268092558D-02      -0.217782975794D-02
    mue_month(01,04)       0.000000000000D+00       0.133539934361D-02      -0.141583842882D-02
    mue_month(01,05)       0.000000000000D+00       0.135013095193D-02      -0.330687969138D-02
    mue_month(01,06)       0.189404570646D-01       0.202313427377D-01       0.352367673364D-02
    mue_month(01,07)       0.194110286033D-01       0.207129985708D-01       0.440961838946D-03
    mue_month(01,08)       0.194735409844D-01       0.207618885537D-01       0.517841337473D-02
    mue_month(01,09)       0.195988817863D-01       0.209127008185D-01      -0.274006101602D-02
    mue_month(01,10)       0.196924853873D-01       0.210061488635D-01      -0.277266187796D-02
    mue_month(01,11)       0.138905971155D+00       0.140050036188D+00       0.598569433121D-02
    mue_month(02,01)       0.337398424378D+00       0.338397418137D+00       0.111533463755D-02
    mue_month(02,02)       0.393120412613D+00       0.394071288950D+00       0.123624807092D-02
    mue_month(02,03)       0.394645596419D+00       0.395616019844D+00      -0.526558023393D-02
    mue_month(02,04)       0.358602790784D+00       0.359586539866D+00      -0.493164048897D-03
    mue_month(02,05)       0.146789832645D+00       0.147917060185D+00       0.960520265134D-02
    mue_month(02,06)       0.401220566548D+00       0.402181917196D+00      -0.219455706396D-02
    mue_month(02,07)       0.379590677442D+00       0.380561232763D+00      -0.219919105082D-02
    mue_month(02,08)       0.399495883413D+00       0.400468767500D+00      -0.715587372858D-02
    mue_month(02,09)       0.368707902303D+00       0.369691973791D+00      -0.443678088932D-02
    mue_month(02,10)      -0.421672055716D+00      -0.420797542277D+00       0.118757542882D-01
    mue_month(02,11)      -0.109084140316D+00      -0.107878963070D+00      -0.383484452395D-02
    mue_month(03,01)      -0.867402597279D-01      -0.854948527688D-01      -0.830879477544D-02
    mue_month(03,02)      -0.407023192614D-01      -0.394728510439D-01       0.454898170226D-03
    mue_month(03,03)      -0.129034541792D+00      -0.127871961684D+00      -0.342076550839D-03
    mue_month(03,04)       0.688699972124D-01       0.700685897840D-01       0.122084376507D-01
    mue_month(03,05)       0.403575079280D+00       0.404563539725D+00      -0.134420161638D-01
    mue_month(03,06)       0.861530873655D+00       0.862226836303D+00       0.579310696304D-02
    mue_month(03,07)       0.924000081221D+00       0.924698182867D+00      -0.210352189815D-02
    mue_month(03,08)       0.885842265607D+00       0.886558840373D+00      -0.372472256446D-02
    mue_month(03,09)       0.532524898760D+00       0.533355202759D+00       0.118737900319D-01
    mue_month(03,10)       0.761780623972D+00       0.762536626856D+00      -0.899548524186D-03
    mue_month(03,11)       0.191351468090D+01       0.191341347835D+01       0.730583177368D-02
    mue_month(04,01)       0.189673839312D+01       0.189664833980D+01      -0.353974515825D-02
    mue_month(04,02)       0.187513937063D+01       0.187504738061D+01      -0.211923651113D-02
    mue_month(04,03)       0.103176401443D+01       0.103149422820D+01       0.124662352545D-01
    mue_month(04,04)       0.181119357894D+01       0.181109092802D+01       0.573344354525D-02
    mue_month(04,05)       0.280500009038D+01       0.280491534636D+01       0.543156782767D-02
    mue_month(04,06)       0.291174276164D+01       0.291167861224D+01      -0.500354730855D-02
    mue_month(04,07)       0.282222047908D+01       0.282214863761D+01       0.461271881359D-03
    mue_month(04,08)       0.581283225878D+00       0.582114910358D+00       0.298072525843D-02
    mue_month(04,09)       0.267788997981D+01       0.267780303330D+01       0.126113598823D-01
    mue_month(04,10)       0.385899935324D+01       0.385892556493D+01       0.164258280153D-01
    mue_month(04,11)       0.391983671406D+01       0.391978149931D+01      -0.653369453457D-03
    mue_month(05,01)       0.388852818384D+01       0.388846914208D+01      -0.440175718405D-05
    mue_month(05,02)      -0.264376668495D+01      -0.264382380890D+01      -0.160508405425D-01
    mue_month(05,03)       0.320599992663D+01       0.320592801215D+01       0.112942492937D-01
    mue_month(05,04)       0.479702401381D+01       0.479696044878D+01       0.143412156632D-01
    mue_month(05,05)       0.492508114789D+01       0.492502855280D+01       0.549498530795D-02
    mue_month(05,06)       0.490734409462D+01       0.490729469853D+01       0.285317075459D-02
    mue_month(05,07)      -0.271262724221D+01      -0.271267860500D+01      -0.186095369718D-01
    mue_month(05,08)       0.304984853938D+01       0.304975818621D+01       0.202408259710D-01
    mue_month(05,09)      -0.269194073500D+00      -0.268118668803D+00      -0.906244776639D-02
    mue_month(05,10)       0.512141908530D+01       0.512136626635D+01       0.654112467810D-02
    mue_month(05,11)       0.588301780823D+01       0.588297174376D+01       0.479758558532D-02
        InvCDiag(01)       0.466496164464D+00       0.456562557780D+00      -0.356072911512D+00
        InvCDiag(02)       0.507701648729D+00       0.505041839748D+00      -0.179271801319D+01
        InvCDiag(03)       0.571413911204D+00       0.559766324190D+00       0.120007803129D+00
        InvCDiag(04)       0.418860061663D+00       0.417528083529D+00       0.241051582731D+01
        InvCDiag(05)       0.434164730271D+00       0.432832173333D+00       0.142366326063D+00
     InvCOffDiag(01)       0.151486199124D+01       0.150759680070D+01      -0.105107813378D+01
     InvCOffDiag(02)       0.181187688582D+01       0.180920681405D+01      -0.371835349548D+00
     InvCOffDiag(03)       0.182267088250D+01       0.182268350338D+01      -0.104891470463D+01
     InvCOffDiag(04)       0.152315557234D+01       0.152045741880D+01       0.206128657957D+00
     InvCOffDiag(05)       0.174225080956D+01       0.173958782506D+01      -0.951537532084D+00
     InvCOffDiag(06)       0.159729743885D+01       0.159379553562D+01      -0.628069719461D+00
     InvCOffDiag(07)       0.176787964853D+01       0.176763819743D+01      -0.824823929795D+00
     InvCOffDiag(08)       0.159271078673D+01       0.159134010787D+01       0.469636560615D+00
     InvCOffDiag(09)       0.166331785387D+01       0.166041257451D+01       0.163660563049D+00
     InvCOffDiag(10)       0.185276157009D+01       0.185525978770D+01      -0.249909296327D+00
         BD_beta(01)      -0.122194768066D+01      -0.122218234565D+01       0.258121979695D-01
         BD_beta(02)       0.169846938333D+01       0.169863591735D+01       0.154280134214D-02
         BD_beta(03)       0.154830452839D+01       0.154736656571D+01      -0.552332161743D+01
         BD_beta(04)       0.235814429896D+01       0.235778019240D+01       0.163665428901D+00
         BD_beta(05)       0.118760020245D+01       0.118746501452D+01      -0.148074043352D-02
         BD_beta(06)      -0.125506746302D+01      -0.125535425814D+01       0.330333947696D-01
         BD_beta(07)       0.139843814582D+01       0.140491455212D+01       0.214047951661D+02
         BD_beta(08)       0.129145410711D+01       0.128898972075D+01      -0.344694609127D-01
         BD_beta(09)       0.152167078313D+01       0.152723178848D+01      -0.241434999389D+00
         BD_beta(10)      -0.141368605948D+01      -0.142205816974D+01      -0.151242801954D-01
         BD_beta(11)      -0.256959772128D-01      -0.255395465400D-01       0.129179945714D+00
         BD_beta(12)       0.741688208907D+00       0.741914445742D+00      -0.364555677912D-02
         BD_beta(13)      -0.846952779940D+00      -0.846306833916D+00       0.309018892868D-01
         BD_beta(14)      -0.132067586732D+01      -0.132093004552D+01       0.299283798496D-01
         BD_beta(15)       0.372190918660D+00       0.372798181740D+00      -0.705354745078D-02
         BD_beta(16)      -0.507709231289D-01      -0.500762922882D-01      -0.405468684965D-01
         BD_beta(17)       0.972799759685D+00       0.973667769623D+00       0.283813908480D-01
         BD_beta(18)       0.873749203942D+00       0.880797851565D+00       0.799106975014D-01
         BD_beta(19)      -0.180737904177D+01      -0.180748637916D+01       0.461962426604D-03
         BD_beta(20)      -0.227642901936D+01      -0.227651646279D+01       0.628905729284D-02
         BD_beta(21)      -0.900834111834D-01      -0.894926806998D-01      -0.706183695901D-02
         BD_beta(22)       0.110796943390D+01       0.110768484706D+01       0.934542580180D+01
         BD_beta(23)      -0.100278154480D+01      -0.100175414474D+01       0.452277715414D-01
         BD_beta(24)       0.292679544826D+00       0.294466970256D+00       0.530674594419D-01
         BD_beta(25)      -0.137132543340D+01      -0.137155586411D+01      -0.410247881713D+00
         BD_beta(26)      -0.926936754629D+00      -0.926325755073D+00       0.269168003910D-01
         BD_beta(27)       0.129059205473D+01       0.129046012495D+01       0.120897923354D-01
         BC_beta(01)       0.400139043872D+01       0.400134696210D+01       0.246350954434D+00
         BC_beta(02)       0.567887568436D+00       0.566652015729D+00      -0.846274659549D+00
         BC_beta(03)       0.208374378125D+01       0.207921295604D+01       0.262066694240D-01
         BC_beta(04)       0.887953152335D+00       0.888480583405D+00       0.108132574704D+00
         BC_beta(05)      -0.944110086349D+00      -0.943352960552D+00       0.418933881767D-01
         BC_beta(06)       0.579214584031D+00       0.568026352741D+00      -0.326758140798D+00
         BC_beta(07)       0.404782732383D+01       0.404777751314D+01      -0.208504053930D-03
         BC_beta(08)       0.457837442816D+01       0.457832447720D+01       0.643488479917D-03
         BC_beta(09)       0.400162948400D+01       0.400157843331D+01      -0.122454957144D-02
         BC_beta(10)      -0.112977649705D-01      -0.609333692490D-02      -0.630369467878D-02
         BC_beta(11)       0.499875313923D+01       0.499870664963D+01       0.477884673694D-03
         BC_beta(12)       0.499875181252D+01       0.499870527825D+01       0.527774247390D-03
         BC_beta(13)       0.203951828258D+01       0.203941654007D+01       0.377914742731D-01
         BC_beta(14)       0.172720421392D+01       0.172707576473D+01       0.226581021784D-01
         BC_beta(15)      -0.220858956440D+00      -0.224653082058D+00      -0.173874774385D+01
         BC_beta(16)       0.116490416242D+00       0.117546325945D+00      -0.157151713096D+02
         BC_beta(17)      -0.315487066693D+00      -0.313453306873D+00      -0.866291911725D+00
         BC_beta(18)      -0.131635040667D+00      -0.131191476600D+00      -0.134636553453D+02
         BC_beta(19)      -0.787593245893D+00      -0.786741010105D+00      -0.147738398312D+00
         BC_beta(20)       0.164589277283D+01       0.164576805478D+01       0.380583919091D-01
         BC_beta(21)       0.542155590986D+00       0.543173529785D+00      -0.757743741519D-01
         BC_beta(22)       0.683963280427D+00       0.683938358119D+00       0.100266926848D+01
         BC_beta(23)       0.913358045330D+00       0.915111142906D+00      -0.955314786062D-01
         BC_beta(24)      -0.104020548017D+01      -0.102135511241D+01      -0.162336867265D+00
         BC_beta(25)       0.249516611053D+01       0.249509291763D+01       0.428955541291D-02
         BC_beta(26)       0.660699721220D+00       0.661423982508D+00      -0.257827214624D+00
         BC_beta(27)       0.499877103499D+01       0.499872456330D+01       0.438936871223D-03
         BC_beta(28)      -0.988900504717D+00      -0.987964150504D+00      -0.829028306779D-03
         BC_beta(29)       0.944746563922D+00       0.945413024983D+00       0.788333347850D-02
         BC_beta(30)       0.830352608257D+00       0.829847441529D+00      -0.669837242855D-02
         BC_beta(31)      -0.192294432531D+01      -0.192292041378D+01      -0.598238265817D-01
         BC_beta(32)       0.499876418476D+01       0.499871738138D+01       0.546932255777D-03
         BC_beta(33)       0.499877185944D+01       0.499872540047D+01       0.446496552986D-03
         BC_beta(34)      -0.429565992778D+00      -0.426012582745D+00       0.831251078249D-01
         BC_beta(35)       0.341426889529D+01       0.341420656384D+01       0.900933831818D-03
         BC_beta(36)      -0.616974792955D+00      -0.616357456651D+00      -0.629040539364D+00
         BC_beta(37)       0.296081631627D+01       0.296075242621D+01      -0.378748036212D-02
         BC_beta(38)      -0.165679789427D+00      -0.164628122398D+00      -0.104539667903D+01
         BC_beta(39)       0.329747084942D+01       0.329742171241D+01      -0.137941525312D-01
         BC_beta(40)       0.416249406436D+01       0.416244709096D+01      -0.584460641130D-02
         BC_beta(41)       0.574043548291D+00       0.574713005335D+00      -0.162242926064D-01
         BC_beta(42)       0.598468055841D+00       0.598643625219D+00      -0.101508031868D+00
         BC_beta(43)       0.334123399346D+01       0.334117086474D+01      -0.429804983655D-02
         BC_beta(44)       0.407867122424D+01       0.407861436000D+01      -0.694741877538D-04
         BC_beta(45)       0.478241045249D+01       0.478236049742D+01       0.381023095978D-02
         BC_beta(46)       0.399900588365D+01       0.399827281204D+01      -0.221732760257D+00
         BC_beta(47)       0.283629899741D+01       0.283621467141D+01       0.792898173299D-02
         BC_beta(48)       0.138669350247D+01       0.138630775497D+01       0.321206046650D-01
         BC_beta(49)       0.683793529625D+00       0.684677805066D+00      -0.290734748597D-01
         BC_beta(50)       0.358715057655D+00       0.359979748115D+00       0.100174871762D+00
         BC_beta(51)       0.264249275157D+01       0.265417340825D+01       0.671037282167D-02
         BC_beta(52)       0.186954521968D+01       0.186933247455D+01      -0.348951844094D+00
         BC_beta(53)       0.943384786895D+00       0.943963429372D+00       0.377116815980D-01
         BC_beta(54)       0.102912036350D+01       0.104772060751D+01      -0.238453922288D+00
         BC_beta(55)       0.124204814544D+01       0.124180871641D+01      -0.158806154179D+00
         BC_beta(56)       0.156678396198D+01       0.156654994872D+01      -0.181554777397D-01
         BC_beta(57)      -0.186897114898D-01      -0.164707507776D-01      -0.388793887628D-01
         BC_beta(58)      -0.392040199689D-01      -0.377689730002D-01      -0.118823959569D-01
         BC_beta(59)       0.217995424488D+01       0.217969460365D+01      -0.102748295382D-01
         BC_beta(60)       0.420471868068D+01       0.420466496084D+01      -0.565999674191D-02
         BC_beta(61)       0.104213476184D+01       0.106052609361D+01      -0.315085438813D-01
         BC_beta(62)       0.857096028992D+00       0.876732907080D+00      -0.710198187750D-01
         BC_beta(63)       0.499877416495D+01       0.499872763185D+01       0.526771742774D-03
         BC_beta(64)      -0.206424388220D+00      -0.205349489881D+00       0.861501601414D-02
         BC_beta(65)       0.358355606132D+01       0.358349227128D+01       0.948324132257D-03
         BC_beta(66)       0.400160231035D+01       0.400154647528D+01       0.648103398092D-03
         BC_beta(67)       0.366924101189D+01       0.366918231488D+01       0.654068977246D-03
         BC_beta(68)       0.499877413358D+01       0.499872760033D+01       0.526998664778D-03
         BC_beta(69)       0.499877410904D+01       0.499872757451D+01       0.528239247616D-03
         BC_beta(70)       0.468147039323D+01       0.468166251910D+01       0.557557503622D-03
         BC_beta(71)       0.859599579579D+00       0.860287391275D+00       0.166930237254D-02
         BC_beta(72)      -0.422506654710D+00      -0.421612643468D+00       0.706683831198D-01
         BC_beta(73)       0.930934385880D-01       0.943252418219D-01       0.493986694850D-02
         BC_beta(74)       0.292787032900D+00       0.293755527465D+00       0.313707247830D-01
         BC_beta(75)       0.133897180581D+00       0.153426019883D+00      -0.310104360355D-01
         BC_beta(76)       0.264254409683D+01       0.265428819095D+01       0.132854967700D-01
         BC_beta(77)       0.808436938178D+00       0.827675598408D+00      -0.672305513117D-01
         BC_beta(78)       0.256507899940D+00       0.257743703409D+00      -0.663550998409D+01
         BC_beta(79)      -0.158615587401D+00      -0.155471739284D+00      -0.116502375728D+01
         BC_beta(80)      -0.714798728654D+00      -0.713562981023D+00       0.312928825317D+00
         BC_beta(81)       0.400160575645D+01       0.400155010172D+01       0.454263454842D-03
         BC_beta(82)       0.284945075681D-01       0.328945593419D-01      -0.132641212416D+01
         BC_beta(83)      -0.133740000835D+01      -0.133711452021D+01       0.205290493939D+00
         BC_beta(84)       0.666804227910D+00       0.667670952915D+00      -0.501192053841D-02
         BC_beta(85)       0.250842671634D+00       0.251865607822D+00       0.865691835884D-01
         BC_beta(86)      -0.410355946739D-01      -0.384555390119D-01      -0.282543401938D-01
         BC_beta(87)       0.330701164383D+01       0.330694893937D+01      -0.590577150279D-03
         BC_beta(88)      -0.211589724248D+01      -0.211593346025D+01      -0.263296874536D+00
         BC_beta(89)       0.290012448277D+01       0.290005417713D+01       0.798956668396D-03
         BC_beta(90)      -0.236451729675D+01      -0.236460283135D+01       0.159714627241D-02
         BC_beta(91)       0.423199777606D+01       0.423194424758D+01       0.734924982314D-03
         BC_beta(92)       0.248879402589D+01       0.248871508598D+01       0.133655535643D-02
         BC_beta(93)       0.407888378272D+01       0.407882878814D+01       0.652024674607D-03
         BC_beta(94)       0.226167497636D+01       0.226161485455D+01       0.107443084365D-01
         BC_beta(95)       0.340092059960D+01       0.340085785580D+01       0.108324151277D-02
         BC_beta(96)       0.125908063002D+01       0.125896326248D+01      -0.224426540370D-02
         BC_beta(97)       0.396841812564D+01       0.396836236984D+01       0.258675085751D-03
         BC_beta(98)       0.100600473796D+01       0.100575222710D+01       0.204514647573D-02
        BD_CDiag(01)      -0.470154497800D+00      -0.468918121035D+00       0.241745416007D-01
        BD_CDiag(02)       0.398834589891D+00       0.399476699734D+00       0.498942152161D-01
        BD_CDiag(03)       0.614982753646D-01       0.584248043548D-01       0.877667790655D-01
        BD_CDiag(04)       0.140618592179D+00       0.130509836542D+00      -0.777761782733D-01
        BD_CDiag(05)       0.206489782404D+00       0.206887485623D+00       0.123653266609D-01
        BD_CDiag(06)       0.834549818850D+00       0.834384498883D+00       0.336328759070D-01
        BD_CDiag(07)       0.117370531050D+00       0.122793994917D+00       0.457784334740D+02
        BD_CDiag(08)       0.331154062716D+00       0.326928049088D+00       0.253931294331D+00
        BD_CDiag(09)       0.196823100096D+00       0.190064376803D+00      -0.101855461478D+01
        BD_CDiag(10)       0.869291290939D+00       0.863178990831D+00      -0.236479670225D-04
        BD_CDiag(11)       0.884004905690D+00       0.877545534730D+00      -0.806166314462D+01
        BD_CDiag(12)       0.694943980906D+00       0.688665773866D+00       0.692184688951D-01
        BD_CDiag(13)       0.174634133892D+00       0.175142180497D+00      -0.232893615621D-01
        BD_CDiag(14)       0.993968385959D+00       0.993027073830D+00      -0.110117268912D-01
        BD_CDiag(15)       0.474863242614D-01       0.479228057177D-01       0.497680112125D-01
        BD_CDiag(16)       0.529278747135D-01       0.589121809068D-01       0.447358168360D-02
        BD_CDiag(17)       0.113781540302D+00       0.114112844317D+00       0.276752757334D-01
        BD_CDiag(18)       0.214865139367D+00       0.215117726095D+00       0.744979980873D-01
        BD_CDiag(19)       0.998647273802D+00       0.998430417407D+00      -0.933730742207D-02
        BD_CDiag(20)       0.998409757780D+00       0.998158502477D+00       0.593253524698D-02
        BD_CDiag(21)       0.845664013371D+00       0.845112628780D+00       0.164870380332D+00
        BD_CDiag(22)       0.164389329504D+00       0.169344444195D+00       0.299768418079D+00
        BD_CDiag(23)       0.893480691295D+00       0.893631780091D+00       0.913040491832D-02
        BD_CDiag(24)       0.881794720690D+00       0.881865546195D+00      -0.698117584618D+01
        BD_CDiag(25)       0.703479454778D+00       0.703562710491D+00      -0.152528288810D-01
        BD_CDiag(26)       0.523263503783D+00       0.523471478124D+00      -0.435075076557D-02
        BD_CDiag(27)       0.261982800509D+00       0.262350520083D+00       0.487758635592D-02
     BD_COffDiag(01)       0.245307028653D+01       0.245299271442D+01       0.551976835067D-02
     BD_COffDiag(02)       0.596381737267D+00       0.597887246264D+00       0.354785115771D-01
     BD_COffDiag(03)       0.282140402075D+01       0.282043870387D+01       0.241829879917D-01
     BD_COffDiag(04)       0.177637309806D+01       0.177626833091D+01       0.470674602474D-02
     BD_COffDiag(05)       0.108060895532D+01       0.108049960470D+01      -0.340863778831D-01
     BD_COffDiag(06)       0.268818756410D+01       0.268786031009D+01       0.602559842253D-01
     BD_COffDiag(07)       0.145593825805D+01       0.145483369189D+01      -0.692259299743D-01
     BD_COffDiag(08)       0.191972035887D+01       0.191961332152D+01      -0.318959888713D+00
     BD_COffDiag(09)       0.110005539391D+01       0.109517756519D+01      -0.997352012383D-02
     BD_COffDiag(10)       0.209505737348D+01       0.209501992576D+01       0.165995966943D+02
     BD_COffDiag(11)       0.129825706785D+01       0.129189597430D+01       0.184868348842D-01
     BD_COffDiag(12)       0.277190408891D+01       0.277184271017D+01      -0.100385371856D-01
     BD_COffDiag(13)       0.132727868060D+01       0.132717992546D+01      -0.129232347580D-01
     BD_COffDiag(14)       0.279820308806D+01       0.279813196542D+01       0.339673597621D-03
     BD_COffDiag(15)       0.282599004956D+01       0.282591937759D+01      -0.655374175124D-03
     BD_COffDiag(16)       0.282618540693D+01       0.282610716682D+01       0.421501605412D-02
     BD_COffDiag(17)       0.263173857848D+01       0.263269964429D+01       0.121661528620D-01
     BD_COffDiag(18)       0.282545236984D+01       0.282535827725D+01       0.268534526411D-02
     BD_COffDiag(19)       0.209688539694D+01       0.209679770113D+01      -0.928700066920D-03
     BD_COffDiag(20)       0.155758647785D+01       0.155755186442D+01      -0.732234438938D-01
     BD_COffDiag(21)       0.282581496853D+01       0.282572859062D+01       0.111045442190D-01
     BD_COffDiag(22)       0.137838422545D+01       0.137853167770D+01       0.287054126975D-02
     BD_COffDiag(23)       0.181379581889D+01       0.181429899097D+01       0.182420580089D+02
     BD_COffDiag(24)       0.282649302784D+01       0.282625054068D+01       0.152899083510D-01
     BD_COffDiag(25)       0.239527524963D+01       0.239517708566D+01       0.134645911086D-01
     BD_COffDiag(26)       0.160839339027D+01       0.160828988052D+01      -0.678526316588D-03
        BC_CDiag(01)       0.997391259341D+00       0.996899936801D+00      -0.637146320801D+00
        BC_CDiag(02)       0.810459977445D+00       0.812507892687D+00      -0.217325628369D+00
        BC_CDiag(03)       0.979813112355D+00       0.976056598599D+00      -0.263150754976D+01
        BC_CDiag(04)       0.920323336460D+00       0.914409072645D+00      -0.884010162621D-01
        BC_CDiag(05)       0.447202868126D+00       0.447056093729D+00       0.873055310138D-01
        BC_CDiag(06)       0.987530419456D+00       0.987121341662D+00       0.479632477558D-01
        BC_CDiag(07)       0.942190482326D+00       0.942009808699D+00       0.474044063342D-02
        BC_CDiag(08)       0.519708025804D+00       0.519892885628D+00       0.210867700878D-02
        BC_CDiag(09)       0.998054532270D+00       0.996874030748D+00       0.633096449038D-02
        BC_CDiag(10)       0.910944503655D+00       0.910979854072D+00       0.235218769331D-01
        BC_CDiag(11)       0.997976189647D+00       0.997737038740D+00       0.177623799879D-02
        BC_CDiag(12)       0.512096282971D+00       0.512286956456D+00       0.209374011400D-02
        BC_CDiag(13)       0.998584167341D+00       0.998248671542D+00      -0.503294063303D-01
        BC_CDiag(14)       0.997954532039D+00       0.997692549509D+00       0.140454126557D-01
        BC_CDiag(15)       0.476279286598D+00       0.470395023329D+00      -0.234605542909D+00
        BC_CDiag(16)       0.465759326899D+00       0.466855058397D+00      -0.399608174528D+00
        BC_CDiag(17)       0.391709822681D+00       0.393531747309D+00       0.371777445789D+02
        BC_CDiag(18)       0.540108992545D+00       0.542338731124D+00       0.336578645736D+02
        BC_CDiag(19)       0.573209088464D+00       0.572761378822D+00       0.105538883953D+00
        BC_CDiag(20)       0.997932993459D+00       0.997741240588D+00      -0.730994861548D-01
        BC_CDiag(21)       0.785151294236D+00       0.785270903972D+00       0.537344951484D-02
        BC_CDiag(22)       0.338144635310D+00       0.338322723066D+00      -0.396992758537D+00
        BC_CDiag(23)       0.415723969243D+00       0.418427920513D+00      -0.111837516137D+02
        BC_CDiag(24)       0.234822268979D+00       0.234988700139D+00      -0.124318873697D+00
        BC_CDiag(25)       0.631414149358D+00       0.633522044590D+00      -0.134872861567D-01
        BC_CDiag(26)       0.325298136719D+00       0.324877070064D+00      -0.752935357062D+00
        BC_CDiag(27)       0.997973758763D+00       0.997737867430D+00       0.175024983053D-02
        BC_CDiag(28)       0.996968112225D+00       0.996755465559D+00      -0.355577736120D-02
        BC_CDiag(29)       0.714712894694D+00       0.714710212924D+00       0.139958734287D-01
        BC_CDiag(30)       0.679471901811D+00       0.679447742496D+00       0.460529970982D-01
        BC_CDiag(31)       0.988862052239D+00       0.988742031556D+00      -0.997956071445D+00
        BC_CDiag(32)       0.997988057787D+00       0.997749699809D+00       0.155804210661D-02
        BC_CDiag(33)       0.997984964321D+00       0.997745722802D+00       0.178575982891D-02
        BC_CDiag(34)       0.594915626452D+00       0.594742049411D+00       0.322761204592D+02
        BC_CDiag(35)       0.504959901085D-01       0.510006671392D-01       0.272457644435D-02
        BC_CDiag(36)       0.988467246290D-01       0.989597305392D-01       0.405527594698D-01
        BC_CDiag(37)       0.670619234268D+00       0.670681828200D+00       0.103766070397D-01
        BC_CDiag(38)       0.701671102872D+00       0.701503456332D+00       0.619401836150D-01
        BC_CDiag(39)       0.999995813476D+00       0.998830066572D+00       0.354602688576D-01
        BC_CDiag(40)       0.998098953722D+00       0.997829478702D+00       0.169158670858D-01
        BC_CDiag(41)       0.996875058835D+00       0.996617431880D+00      -0.208031640177D-01
        BC_CDiag(42)       0.698364410042D+00       0.698670074601D+00       0.306631038592D-01
        BC_CDiag(43)       0.997977248147D+00       0.997737446301D+00       0.483955624648D-02
        BC_CDiag(44)       0.997931308222D+00       0.997701588086D+00       0.561149625551D-02
        BC_CDiag(45)       0.998145914212D+00       0.997916109011D+00      -0.831042940783D-02
        BC_CDiag(46)       0.997987541909D+00       0.997738556433D+00      -0.381964925009D-01
        BC_CDiag(47)       0.998315589256D+00       0.998070882072D+00      -0.218231028856D-01
        BC_CDiag(48)       0.995228149010D+00       0.995414802510D+00      -0.997576211251D-01
        BC_CDiag(49)       0.997373806207D+00       0.997152854527D+00      -0.232849423922D-01
        BC_CDiag(50)       0.693482120851D+00       0.693614193849D+00      -0.454283741068D+00
        BC_CDiag(51)       0.901429449830D+00       0.901412051338D+00      -0.916312626757D-02
        BC_CDiag(52)       0.994697667776D+00       0.994304294800D+00       0.217613136291D-01
        BC_CDiag(53)       0.537780593915D+00       0.540411383966D+00       0.153820182538D-01
        BC_CDiag(54)       0.458319455990D+00       0.458622790589D+00      -0.303977584992D+01
        BC_CDiag(55)       0.688933844563D+00       0.688429933138D+00      -0.767643978381D-02
        BC_CDiag(56)       0.726880734954D+00       0.726377743999D+00       0.213556609173D-01
        BC_CDiag(57)       0.597623804425D+00       0.598580033178D+00       0.598442065944D-02
        BC_CDiag(58)       0.534232126939D+00       0.535275719567D+00      -0.941355094147D-02
        BC_CDiag(59)       0.797188758727D+00       0.798160386107D+00       0.218842234139D-01
        BC_CDiag(60)       0.998353500690D+00       0.997966625228D+00       0.158567119782D-01
        BC_CDiag(61)       0.528471251674D+00       0.528570034228D+00       0.311282405663D-01
        BC_CDiag(62)       0.525278151659D+00       0.525571576852D+00       0.100779517881D+01
        BC_CDiag(63)       0.997977962941D+00       0.997739078656D+00       0.158509133496D-02
        BC_CDiag(64)       0.997990970670D+00       0.997745880234D+00       0.541395015741D-02
        BC_CDiag(65)       0.997951971595D+00       0.997724677781D+00       0.110407855390D-02
        BC_CDiag(66)       0.337191103991D-01       0.342310594922D-01       0.308968175757D-02
        BC_CDiag(67)       0.512083617423D+00       0.512274259494D+00       0.210793136886D-02
        BC_CDiag(68)       0.997977997746D+00       0.997739112732D+00       0.158489014792D-02
        BC_CDiag(69)       0.997978027467D+00       0.997739144252D+00       0.158371367302D-02
        BC_CDiag(70)       0.116433382267D+00       0.116897174718D+00       0.283376120325D-02
        BC_CDiag(71)       0.998037654345D+00       0.997810007289D+00      -0.304511208302D-03
        BC_CDiag(72)       0.464058224476D+00       0.464475839078D+00      -0.670481366725D-01
        BC_CDiag(73)       0.606889860476D+00       0.607118571504D+00      -0.124726422686D-02
        BC_CDiag(74)       0.261788015357D+00       0.262054827155D+00       0.303871488526D-01
        BC_CDiag(75)       0.381862210098D+00       0.381999926933D+00      -0.140587511766D-02
        BC_CDiag(76)       0.670725124108D+00       0.670709807270D+00       0.742055523431D+00
        BC_CDiag(77)       0.544146876680D+00       0.543929364937D+00       0.182877069210D+00
        BC_CDiag(78)       0.557175756687D+00       0.560757107789D+00      -0.499811158712D+01
        BC_CDiag(79)       0.641367647180D+00       0.641106233544D+00      -0.600691868217D+00
        BC_CDiag(80)       0.521548131992D+00       0.521340108490D+00       0.325560438521D+00
        BC_CDiag(81)       0.512066101631D+00       0.512257590380D+00       0.251969384270D-02
        BC_CDiag(82)       0.652008109971D+00       0.653100241033D+00      -0.586775950629D-01
        BC_CDiag(83)       0.543205764769D+00       0.543909504912D+00      -0.769932695963D-01
        BC_CDiag(84)       0.683361061417D+00       0.682931262397D+00      -0.137514796037D-01
        BC_CDiag(85)       0.558336271680D+00       0.557937815562D+00      -0.561930715515D-01
        BC_CDiag(86)       0.761267686257D+00       0.761805102133D+00      -0.194840915732D+01
        BC_CDiag(87)       0.987863338431D+00       0.987674363749D+00       0.596994806815D-02
        BC_CDiag(88)       0.998654489141D+00       0.998463306059D+00      -0.349667427625D+00
        BC_CDiag(89)       0.997969541505D+00       0.997730896033D+00       0.148594196088D-02
        BC_CDiag(90)       0.997788940038D+00       0.999990904913D+00       0.194018712999D-02
        BC_CDiag(91)       0.998020950946D+00       0.997782199666D+00       0.130488661633D-02
        BC_CDiag(92)       0.998043881124D+00       0.997803451592D+00       0.247408973113D-02
        BC_CDiag(93)       0.241561753214D+00       0.241945490425D+00       0.254634660840D-02
        BC_CDiag(94)       0.992950319118D+00       0.992752835196D+00       0.719620769554D-03
        BC_CDiag(95)       0.657251189111D+00       0.657340189714D+00       0.181260295453D-03
        BC_CDiag(96)       0.997969242632D+00       0.997723349287D+00       0.562616962473D-02
        BC_CDiag(97)       0.997971306218D+00       0.997726199073D+00       0.320912395288D-02
        BC_CDiag(98)       0.997645871444D+00       0.997405551959D+00       0.170632656068D-02
     BC_COffDiag(01)       0.162394154143D+01       0.162503657507D+01      -0.189890549175D+01
     BC_COffDiag(02)       0.280901987781D+01       0.279688787265D+01      -0.178262317992D+01
     BC_COffDiag(03)       0.278374832067D+01       0.278334490368D+01      -0.121657159764D+00
     BC_COffDiag(04)       0.149413144038D+01       0.149262311467D+01       0.141884211278D-01
     BC_COffDiag(05)       0.102286342340D+01       0.101777746167D+01      -0.163277084270D+00
     BC_COffDiag(06)       0.893923214084D+00       0.894626005683D+00       0.665410017774D-03
     BC_COffDiag(07)       0.282568135823D+01       0.282560972046D+01       0.790593711026D-03
     BC_COffDiag(08)       0.183248905809D+01       0.183260150990D+01       0.233434925829D-02
     BC_COffDiag(09)       0.247825612590D+01       0.247860109162D+01      -0.102753061994D+01
     BC_COffDiag(10)       0.183238668323D+01       0.183228975625D+01       0.125951058799D-02
     BC_COffDiag(11)       0.174108628062D+01       0.174098625614D+01       0.115519619838D-02
     BC_COffDiag(12)       0.201722897570D+01       0.201706421447D+01       0.352997735869D-01
     BC_COffDiag(13)       0.132115455940D+01       0.132106771537D+01      -0.256125877604D-01
     BC_COffDiag(14)       0.269323051247D+01       0.269293960370D+01      -0.291787909827D+00
     BC_COffDiag(15)       0.553465228551D+00       0.553436647157D+00       0.331678874441D+02
     BC_COffDiag(16)       0.219806408935D+01       0.219770302085D+01      -0.457297699492D+01
     BC_COffDiag(17)       0.222346970701D+01       0.222177860793D+01       0.160174876404D+02
     BC_COffDiag(18)       0.142881985465D+01       0.142843144484D+01       0.377795067596D-01
     BC_COffDiag(19)       0.212687654918D+01       0.212680245971D+01      -0.743501668575D-01
     BC_COffDiag(20)       0.230341094437D+01       0.230282485080D+01       0.154307999505D+00
     BC_COffDiag(21)       0.129243045030D+01       0.129193636952D+01      -0.360985792258D+01
     BC_COffDiag(22)       0.279595159133D+01       0.279562445400D+01       0.375237952995D-01
     BC_COffDiag(23)       0.279113407133D+01       0.279153218143D+01      -0.434619991236D-02
     BC_COffDiag(24)       0.135734066725D+01       0.135722233203D+01      -0.579249390527D-02
     BC_COffDiag(25)       0.245185513880D+01       0.245114105331D+01      -0.129065023075D+00
     BC_COffDiag(26)       0.116215785024D+01       0.116203097528D+01       0.148467010380D-02
     BC_COffDiag(27)       0.985076424607D+00       0.986123321358D+00       0.958074623766D-01
     BC_COffDiag(28)       0.187434854689D+01       0.187425743080D+01      -0.146188198366D-03
     BC_COffDiag(29)       0.198272795727D+01       0.198263004544D+01       0.108871992376D-01
     BC_COffDiag(30)       0.282544656372D+01       0.281997835522D+01      -0.617886336930D-02
     BC_COffDiag(31)       0.282566741399D+01       0.282559654670D+01       0.478269785537D-03
     BC_COffDiag(32)       0.149102272733D+01       0.149091288454D+01       0.105021007210D-02
     BC_COffDiag(33)       0.282450916954D+01       0.282440704282D+01       0.147704625222D-01
     BC_COffDiag(34)       0.282575735284D+01       0.282568568095D+01       0.830465844211D-03
     BC_COffDiag(35)       0.858442169224D+00       0.859138150952D+00       0.519193192432D-02
     BC_COffDiag(36)       0.188931593760D+01       0.188921347735D+01       0.973194229714D-02
     BC_COffDiag(37)       0.111804207321D+01       0.111752135956D+01       0.669270726369D-01
     BC_COffDiag(38)       0.282688361075D+01       0.282675475108D+01       0.661786307426D-01
     BC_COffDiag(39)       0.282426874215D+01       0.282416645350D+01       0.321132498781D-01
     BC_COffDiag(40)       0.852189112479D+00       0.852766630874D+00      -0.467374989275D-01
     BC_COffDiag(41)       0.183015429995D+01       0.182978383280D+01      -0.326696836959D-01
     BC_COffDiag(42)       0.194327608008D+01       0.194318178625D+01       0.416486410708D-02
     BC_COffDiag(43)       0.282581298236D+01       0.282576591194D+01      -0.553001127338D-02
     BC_COffDiag(44)       0.282574985743D+01       0.282570232048D+01      -0.976959110582D-02
     BC_COffDiag(45)       0.280989652951D+01       0.281021755772D+01       0.611852748195D-01
     BC_COffDiag(46)       0.192089483507D+01       0.192079103168D+01       0.750705938328D-02
     BC_COffDiag(47)       0.282562812961D+01       0.282459733503D+01       0.241932715243D+00
     BC_COffDiag(48)       0.205312249172D+01       0.205310732552D+01      -0.357333298585D+00
     BC_COffDiag(49)       0.282493682361D+01       0.282490567638D+01       0.720352275110D+00
     BC_COffDiag(50)       0.113773850828D+01       0.113747435754D+01       0.217052613176D-01
     BC_COffDiag(51)       0.123976028613D+01       0.124928498426D+01       0.275915670672D-01
     BC_COffDiag(52)       0.165284699017D+01       0.165273108205D+01      -0.215718317120D-02
     BC_COffDiag(53)       0.262217247650D+01       0.262331013642D+01      -0.291100583028D+01
     BC_COffDiag(54)       0.738910042015D+00       0.739697389308D+00      -0.141372846457D-01
     BC_COffDiag(55)       0.118184960434D+01       0.118051945338D+01       0.805273687755D-02
     BC_COffDiag(56)       0.458615397744D+00       0.459909430183D+00      -0.342836664128D-01
     BC_COffDiag(57)       0.260858229335D+01       0.260847539666D+01      -0.379928921977D-01
     BC_COffDiag(58)       0.168609517622D+01       0.168580352341D+01       0.197814155329D-01
     BC_COffDiag(59)       0.213485975106D+01       0.213476761391D+01       0.537779871203D-02
     BC_COffDiag(60)       0.142068878911D+01       0.141997741577D+01       0.176467440179D-01
     BC_COffDiag(61)       0.862842709203D+00       0.862788261606D+00      -0.497103364706D+00
     BC_COffDiag(62)       0.282565006630D+01       0.282557839824D+01       0.827700556416D-03
     BC_COffDiag(63)       0.282565823292D+01       0.282559786487D+01      -0.137137228526D-01
     BC_COffDiag(64)       0.208110177571D+01       0.208100926040D+01       0.132196116562D-02
     BC_COffDiag(65)       0.282575711029D+01       0.282568544437D+01       0.827317881131D-03
     BC_COffDiag(66)       0.282651075718D+01       0.282643910125D+01       0.833065404020D-03
     BC_COffDiag(67)       0.282565008386D+01       0.282557841619D+01       0.827497813800D-03
     BC_COffDiag(68)       0.237763076296D+01       0.237754958987D+01       0.936536526466D-03
     BC_COffDiag(69)       0.282650993883D+01       0.282643828751D+01       0.827058843792D-03
     BC_COffDiag(70)       0.186171742598D+01       0.186162051578D+01       0.107566604538D-01
     BC_COffDiag(71)       0.282542301077D+01       0.282532519939D+01       0.293558852471D-01
     BC_COffDiag(72)       0.282567142712D+01       0.282557530557D+01       0.207063334908D-01
     BC_COffDiag(73)       0.282603009858D+01       0.282591702551D+01       0.224757346880D-01
     BC_COffDiag(74)       0.282257325748D+01       0.282244295205D+01       0.487654299070D-01
     BC_COffDiag(75)       0.263463158429D+01       0.263565442031D+01      -0.962264152500D-02
     BC_COffDiag(76)       0.268963428266D+01       0.268999559221D+01       0.127575877646D+00
     BC_COffDiag(77)       0.496871796190D+00       0.512186294677D+00       0.314978981779D+00
     BC_COffDiag(78)       0.149410580104D+01       0.149403668331D+01      -0.361107437595D-01
     BC_COffDiag(79)       0.205742835685D+01       0.205745912131D+01      -0.314349186450D+00
     BC_COffDiag(80)       0.282564756867D+01       0.282557583656D+01       0.102690166712D-02
     BC_COffDiag(81)       0.282409906004D+01       0.282183393992D+01       0.526338347491D-01
     BC_COffDiag(82)       0.766545599902D+00       0.767828747199D+00      -0.386968261964D-01
     BC_COffDiag(83)       0.196591548401D+01       0.196585067791D+01       0.559571852759D-02
     BC_COffDiag(84)       0.105552146677D+01       0.105522722676D+01       0.628824575833D-01
     BC_COffDiag(85)       0.243815755816D+01       0.243866013890D+01      -0.976302410401D+00
     BC_COffDiag(86)       0.282564397805D+01       0.282557168522D+01       0.172047639695D-02
     BC_COffDiag(87)       0.282568039265D+01       0.282552688901D+01       0.840319169812D-01
     BC_COffDiag(88)       0.198687565184D+01       0.198678286717D+01       0.194789844111D-02
     BC_COffDiag(89)       0.282570737241D+01       0.282742678701D+01       0.118192467008D-01
     BC_COffDiag(90)       0.282567559419D+01       0.282560441585D+01       0.331905518180D-03
     BC_COffDiag(91)       0.282582637828D+01       0.282575346391D+01       0.208574505071D-02
     BC_COffDiag(92)       0.282565011471D+01       0.282557844443D+01       0.828821823436D-03
     BC_COffDiag(93)       0.282608564388D+01       0.282603405893D+01       0.306712619989D-02
     BC_COffDiag(94)       0.257898127333D+01       0.257890506466D+01       0.425399931980D-03
     BC_COffDiag(95)       0.220477329997D+01       0.220468342365D+01       0.488494995157D-02
     BC_COffDiag(96)       0.257943918047D+01       0.257936111219D+01       0.228395070576D-02
     BC_COffDiag(97)       0.182573862847D+01       0.182563110049D+01       0.100761791110D-01
                  LValue0       0.761796489133-311
                   LValue       0.730883503622D+01
