            Variable                     Coef                 Gradient                     s.e.
MUE_01                 1.2991299775071106E+00   9.7100779984376023E-02   1.5339232396939191E-02
MUE_02                 2.2580831828409970E-01   4.9429734174264751E-02   1.3537208707203209E-02
MUE_03                 2.1038265859861163E+00   5.1070752837203449E-02   1.1747516819278938E-02
MUE_04                 1.1842700636777148E+00   1.3359702455081677E-02   2.7086355156595524E-02
MUE_05                 4.8895690532484677E+00   9.7086136206175656E-03   2.4499826911540620E-02
INVCDia01              5.9109152732573078E-01  -3.3387166517137179E-01   1.8468078427421107E-03
INVCDia02              8.8368569309845146E-01   1.3223033153031877E-01   2.6740989816671093E-03
INVCDia03              9.3788357291228053E-01  -7.8630565207517461E-02   2.6006673835287063E-03
INVCDia04              3.7527840323204370E-01  -1.2076979712951752E+00   2.0371985517862889E-04
INVCDia05              5.5082817419775565E-01   7.2507659788072179E-02   2.6923497939505907E-03
INVCOffDi01            1.6409025215652373E+00   2.6388026229963618E-01   2.7219587466531013E-03
INVCOffDi02            1.5057849742203904E+00   2.6662759774144493E-02   2.3038769471577670E-03
INVCOffDi03            1.7021446391705446E+00   2.2059642816171493E-01   2.7557209608125286E-03
INVCOffDi04            1.3479156652971118E+00  -1.5204803184955323E-01   4.3736862076223064E-03
INVCOffDi05            1.5770540331213225E+00  -1.2251430133657729E-01   5.4204386034122851E-03
INVCOffDi06            1.3714442200080355E+00  -2.7739823072474695E-01   3.5624553258168305E-03
INVCOffDi07            1.3798483934979258E+00  -3.5413554565133024E-02   4.9446138695118935E-03
INVCOffDi08            1.4790190811002100E+00   8.0783924780662653E-02   6.7206143407720744E-03
INVCOffDi09            1.4721197254345448E+00  -4.3141993419755768E-02   5.4383566677046555E-03
INVCOffDi10            1.5920077457716659E+00   1.6451382865334760E-01   2.1244365769187866E-03
  BC_beta01           -3.2834483692504163E-01  -3.5161108062644569E-01   3.3314708827165145E-03
  BC_beta02            2.9771211457205471E-01   2.7597649635617866E-01   3.3217408121182820E-03
  BC_beta03           -8.7006896082236007E-01   7.2311339527424068E-01   2.4346124006207892E-03
  BC_beta04            9.1188578777755247E-01  -5.8760860191037123E-01   2.2287540386834222E-03
  BC_beta05           -1.1295964858003014E+00  -4.1360514659238368E-03   4.4679539059806241E-02
  BC_beta06           -7.1502598307566445E-01   6.8051922903393858E-01   1.4894243555168198E-03
  BC_beta07           -7.5121043313043367E-01   2.4800458949751225E-01   1.7412754385334353E-03
  BC_beta08           -2.9626981428016093E+00  -1.0575939251884683E-02   2.5394994792001524E-02
  BC_beta09            1.4571054613734640E+00  -7.0758320257904725E-02   1.4944006833314850E-02
  BC_beta10            2.5548800895134499E-01   1.6848961479873373E-02   4.6009403738367337E-03
  BC_beta11           -7.5741818130907601E-01  -1.0341857499076804E-01   3.5898409720995952E-03
  BC_beta12            1.3948544654259434E+00  -2.5153679538823602E-02   3.6456106950419939E-02
  BC_beta13           -1.6856432010946143E+00   1.2692233337389839E-02   5.8439228110660366E-02
  BC_beta14           -4.5307333836759403E-02  -3.1749853803466656E-02   7.0971599410374724E-03
  BC_beta15            1.2557436773725461E-01   6.2974013865992476E-03   3.9287050167364501E-03
  BC_beta16            2.5171629896634040E-01  -1.5772341227717548E-02   2.5297937910509251E-03
  BC_beta17            7.1034455792194273E-01  -1.4271954982879403E-02   3.2718561011760672E-03
  BC_beta18           -7.3703528984300681E-01  -4.6895006272242900E-03   2.6111204463730251E-02
  BC_beta19            4.4102161621636000E-03   1.1723245977899224E-03   7.7882360166850267E-02
  BC_beta20           -1.4062119715069049E-01   5.0544875508953743E-02   8.8817258177711685E-03
  BC_beta21            5.3975997524700048E-01   2.5387714633642176E-02   2.5054636989776426E-03
  BC_beta22            1.0861307157501796E+00  -7.4425278566297048E-02   6.5392016994832766E-03
  BC_beta23            1.1341586608505458E+00  -1.5170139733535079E-01   4.5799863803663021E-03
  BC_beta24           -8.4081569712549820E-01  -1.2185143923788892E-01   1.0872766823918077E-02
  BC_beta25            9.7835695637305403E-02   7.2627418545224967E-03   4.9643973423707154E-02
  BC_beta26           -1.1917602148497810E+00  -1.7393025688630184E-02   7.2546208672248869E-02
 BC_CDiag01            5.5632478605525199E-02  -1.2411356971288329E-01   1.8263906109835177E-03
 BC_CDiag02            5.8050027869694620E-01  -3.2777269541542137E-01   2.8242262763619680E-03
 BC_CDiag03            2.7118149135761538E-01   6.6690956032405685E-02   1.9811286581988418E-03
 BC_CDiag04            9.9613069323849238E-02   1.7325154252216118E-01   2.1573791426342357E-03
 BC_CDiag05            3.9688370475955853E-01   3.3140684633124545E-01   2.4664491644886318E-03
 BC_CDiag06            8.6744205221247161E-01   5.9121298473963696E-03   5.2547297906510755E-03
 BC_CDiag07            3.9500733155594170E-01   3.4182241984743399E-03   7.4490236456488243E-03
 BC_CDiag08            1.3519426995677908E-01  -4.4642268465615878E-02   6.8543866928838732E-03
 BC_CDiag09            2.1952227782305864E-01   1.2345180833317307E-01   7.1181144608446064E-03
 BC_CDiag10            2.5967198422988497E-01   8.6394909023770075E-02   5.9498219187784510E-03
 BC_CDiag11            3.3948987311223339E-01   3.6251786383911435E-03   1.1293135069929287E-02
 BC_CDiag12            9.8996859935866688E-01  -7.0274115233917933E-03   4.3548230516071498E-02
 BC_CDiag13            3.2828059032299245E-01  -2.4166955055885662E-03   6.2909958727704940E-02
 BC_CDiag14            3.5469804378862846E-01   7.6008601344702293E-03   1.6957738378301310E-02
 BC_CDiag15            1.6610926204149326E-01  -7.0831679455246888E-01   1.5373980382758601E-03
 BC_CDiag16            1.4978903393491608E-01  -6.3344423627556468E-01   1.6404558455200098E-03
 BC_CDiag17            8.3082422385025911E-01   6.3516323295264004E-03   3.8861063042652166E-03
 BC_CDiag18            3.3373918611172654E-01   9.6056261828783102E-02   3.3618801118943287E-03
 BC_CDiag19            3.4918045829793870E-01  -1.6006052441044558E-01   2.5488720555668577E-03
 BC_CDiag20            9.9785898824790775E-01  -4.0493906507050809E-03   6.0467299736088704E-03
 BC_CDiag21            1.8197082873508477E-01   9.2124182159465196E-01   1.5850509637274986E-03
 BC_CDiag22            3.2304983540059373E-01   3.0027309104444243E-02   3.9976929944823495E-03
 BC_CDiag23            3.7216214086260724E-01  -6.6209258337304094E-02   5.8238065785044344E-03
 BC_CDiag24            9.1135916929866556E-01  -9.5801931565472551E-03   1.1785373252847613E-02
 BC_CDiag25            9.8960943892730902E-01  -5.7011553826711338E-02   1.2437341266793991E-02
 BC_CDiag26            9.9772617918595552E-01   2.7819265241637782E-02   1.1401397668049514E-02
 BC_CDiag27            2.6281601551961536E-01  -1.6475656750818683E-02   7.2959440068147818E-03
 BC_CDiag28            1.8107013735483993E-01   2.8195101972126250E-03   1.8690904465283965E-02
 BC_CDiag29            2.5421600377095305E-01  -1.1433634949192844E-02   1.9626226638756829E-02
 BC_CDiag30            9.7293394746362549E-01  -1.4808938717165796E-03   3.2719290052127904E-02
 BC_CDiag31            8.0239592674034221E-01   2.7978672262386137E-02   8.1797089805228252E-03
 BC_CDiag32            1.4498120240528706E-01   2.6108181005148081E-02   3.5166429616699381E-03
 BC_CDiag33            7.6550883299895053E-02   7.9650089038785676E-02   3.6026129546477027E-03
 BC_CDiag34            9.5745287609231722E-01  -1.6939710202253464E-02   8.6855701168593036E-03
 BC_CDiag35            5.6328373443174340E-01   4.6773680379530530E-02   7.0313293048672038E-03
 BC_CDiag36            3.2586988513590376E-01   1.1135073683490411E-02   4.6187524862853603E-03
 BC_CDiag37            9.7566272070037741E-01  -3.4853829636917917E-02   9.2169819472096987E-03
 BC_CDiag38            9.9545646640071317E-01  -2.4476676027364634E-02   4.4568839126411675E-03
 BC_CDiag39            9.9784701060553616E-01  -7.9521530668655587E-04   2.0440562680247304E-01
 BC_CDiag40            4.3706348350946739E-01   1.9199523295992109E-03   5.1242380606016803E-02
 BC_CDiag41            3.8804511733957009E-01  -1.4208845084782097E-03   8.4006911639531459E-02
 BC_CDiag42            6.7106332442950223E-01   5.3331940430952678E-02   2.3539282707891792E-02
 BC_CDiag43            2.9759223896120990E-01  -1.3117611095342428E-03   3.4936114175488600E-02
 BC_CDiag44            3.4259630505678657E-01   1.2458852315375007E-02   3.0274307464270536E-02
 BC_CDiag45            9.9805544075150154E-01  -4.3404878784398795E-03   6.3181154538105078E-02
 BC_CDiag46            2.9697700349349709E-01   1.0337179669869519E-02   1.7376273503060841E-02
 BC_CDiag47            7.0683058453058945E-01   2.1736705766766239E-02   1.5063518878056053E-02
 BC_CDiag48            3.3513370271709808E-01  -8.8342659424234929E-02   4.9433905695403860E-03
 BC_CDiag49            6.2422762833746492E-01   1.2547057345373359E-02   1.4218511807330416E-02
 BC_CDiag50            4.3852265681136893E-01  -2.7130340195747296E-02   6.5601720794608099E-03
 BC_CDiag51            6.9702187549062289E-01  -3.8654527009726477E-03   5.5574619909199699E-03
 BC_CDiag52            5.1270800224274116E-01  -8.2386302944260026E-02   4.5992039964391808E-03
 BC_CDiag53            6.9472709599988713E-01  -6.7334494171703604E-02   5.7383880968129471E-03
 BC_CDiag54            7.2660783704229692E-01   8.8655974976297722E-02   2.5239443682302525E-03
 BC_CDiag55            6.2143291636246933E-01  -9.3653141280353232E-03   4.8127414506865295E-03
 BC_CDiag56            8.2388933664517983E-01  -5.9076590982782132E-02   7.2342936940320013E-03
 BC_CDiag57            1.6210926777591966E-01  -1.2332581036863305E-02   7.2152308692829351E-03
 BC_CDiag58            8.0852000504239507E-01   7.5717932952528474E-02   5.0310437648943256E-03
 BC_CDiag59            3.2961947574099126E-01   1.1438579573607605E-02   5.2741432444303737E-03
 BC_CDiag60            8.1475819754982998E-02  -3.2914492537541702E-02   3.0465433621115830E-03
 BC_CDiag61            3.1254791350392902E-01   1.2523291338806397E-02   4.4462991085668412E-03
 BC_CDiag62            1.8070637585849363E-02  -9.0092842141588067E-02   1.9239928200768413E-03
 BC_CDiag63            1.7674180137316139E-01   5.1338555005155467E-02   1.2598961126205600E-02
 BC_CDiag64            3.9310679217002048E-01  -2.0411019928000117E-02   2.0427231236747421E-02
 BC_CDiag65            4.2492216137251759E-01  -2.8882964442753932E-03   2.4752741430614112E-02
 BC_CDiag66            3.1115675395355163E-01   1.2425401359455752E-02   4.2102640210566755E-02
 BC_CDiag67            2.9861479627045895E-01  -7.2879896994673728E-03   1.0103955422321291E-01
 BC_CDiag68            3.1340150846086212E-01   3.9163704536155450E-03   5.3950368950176145E-02
 BC_CDiag69            3.1349604087907817E-01   1.8494519025050438E-02   1.3913664609413162E-01
 BC_CDiag70            2.9657370710598646E-01   3.4361415801045266E-04   1.0065646612991770E-01
 BC_CDiag71            9.9783927067917433E-01  -7.7557721290152091E-04   2.4880339729511557E-02
 BC_CDiag72            5.1138707212491930E-01  -2.1567062800433058E-02   8.0920166796078514E-03
 BC_CDiag73            8.1671049581503556E-03   4.2432907039841199E-02   5.5304493227691905E-03
 BC_CDiag74            5.8420724761559950E-01   5.0804495972845226E-02   8.7444952592687242E-03
 BC_CDiag75            3.4986851123778867E-01   2.9516867361855714E-02   3.2435846415164336E-03
 BC_CDiag76            4.2155430596001220E-01  -6.0345611129043075E-02   2.4107729599454546E-03
 BC_CDiag77            1.4573220794147560E-02  -1.4001562971128004E-01   2.2585802246685490E-03
 BC_CDiag78            1.9989729944824419E-01  -9.0458341536865841E-02   2.5183473560209963E-03
 BC_CDiag79            5.5826522832503089E-01  -2.1998377316567015E-02   6.9234425894618397E-03
 BC_CDiag80            2.6388347376311783E-01  -1.9471020299565787E-02   6.6489130446026464E-03
 BC_CDiag81            3.6245687975083138E-02   2.2751609802379919E-03   7.4193611635800854E-03
 BC_CDiag82            3.2533321062126885E-01   3.1559468083748113E-02   5.5998683652347626E-03
 BC_CDiag83            6.9388208621087333E-01  -3.3184083472671280E-02   5.8178996062150604E-03
 BC_CDiag84            6.2498225950710129E-01  -5.0878729468000700E-03   7.2065084231506702E-03
 BC_CDiag85            2.6020638411378173E-02   2.0983476109525386E-02   5.7989801667485590E-03
 BC_CDiag86            6.8100833009526063E-01  -2.4334003360369814E-02   1.4313675664390012E-03
 BC_CDiag87            2.7516513504166712E-01   4.6508614336151527E-02   1.4133031973402961E-02
 BC_CDiag88            4.1624941469482740E-01   5.1854711986078980E-03   1.9101635142500788E-02
 BC_CDiag89            2.4299905676256237E-01  -7.3735685434190873E-02   9.7980490375881631E-03
 BC_CDiag90            1.6070072870887914E-01  -5.7513427707161331E-04   2.2652680351430525E-02
 BC_CDiag91            3.0333069564478304E-01  -6.1710401808639653E-03   2.0559101758792327E-02
 BC_CDiag92            3.0104578583069841E-01  -7.5440468507336601E-05   3.2490283468269397E-02
 BC_CDiag93            2.9720365944043547E-01   7.0032092511137329E-03   3.2219071901504713E-02
 BC_CDiag94            5.1813854148521288E-01  -7.0735560962812485E-03   2.8158847200171189E-02
 BC_CDiag95            3.1099929973518853E-01  -4.9643049914814925E-03   7.6882167454238939E-02
 BC_CDiag96            9.9837480327343586E-01  -8.9911930893628693E-03   1.4633606756022646E-01
 BC_CDiag97            1.4878969412274887E-01   3.4781473432604940E-04   4.6546761112936326E-02
 BC_CDiag98            2.9567713666081402E-01   4.8331884898723790E-05   1.1064493314884805E+00
BC_COffDi01            2.3285858083561162E+00  -7.2878526083793504E-03   1.3096208709770299E-03
BC_COffDi02            1.4522892410045660E+00   2.0013031353412699E-02   9.6547091843470628E-03
BC_COffDi03            2.6514686110053134E+00   1.1473788434618944E-02   1.4743698744095601E-02
BC_COffDi04            1.5390192983267053E+00   4.7497233553122797E-02   6.1236614876456104E-03
BC_COffDi05            1.0065852040126833E+00   1.5907449403889485E-02   2.8581080979841063E-03
BC_COffDi06            2.4079578704321949E+00  -6.0632709063574902E-02   1.0528603573367221E-02
BC_COffDi07            2.7976641095232875E+00  -2.4350210057404297E-02   2.6756746026492535E-02
BC_COffDi08            1.2848691395574496E+00  -1.8837512133369358E-02   3.1168096821902674E-02
BC_COffDi09            1.8458230300877219E+00  -4.3033563107342888E-02   9.5704825826301385E-03
BC_COffDi10            4.5220091829249831E-01  -2.3210242010605541E-03   5.4859375347684286E-02
BC_COffDi11            9.4414771974740763E-01  -5.2406400200319487E-03   1.9195644765871760E-02
BC_COffDi12            5.9411524370489142E+00   2.4001467661293417E-04   1.1857101945430640E-01
BC_COffDi13            2.4681141534110509E+00  -1.5680233226698914E-04   5.6202904536349158E-02
BC_COffDi14            2.7976197812663304E+00  -1.0011374018753684E-01   6.5567232692966817E-03
BC_COffDi15            5.3955563029637810E-01   1.3927581410940405E-02   1.3771620559221553E-02
BC_COffDi16            2.2297627845879551E+00  -4.9567812421832841E-01   2.0610189238938789E-03
BC_COffDi17            2.7663922534279259E+00   5.4520930166987717E-02   7.3203973299241134E-03
BC_COffDi18            1.2669176704530194E+00  -3.3599021585630766E-02   7.9008075299033045E-03
BC_COffDi19            2.8229788668530542E+00  -2.4669265240336028E-02   2.7147836122997345E-03
BC_COffDi20            6.1748261842851482E-01   7.6430581479605990E-03   2.0635579480198264E-02
BC_COffDi21            1.4115353290727197E+00  -2.0133597934222326E-03   2.2879848068959926E-02
BC_COffDi22            1.0718067031557528E+00   1.7624590593467359E-03   2.8169040986089227E-02
BC_COffDi23            5.7587508951141753E-01   3.2071238361592860E-03   2.0204967868798246E-02
BC_COffDi24            6.3805458568262352E-01   8.3430771020907655E-03   1.3985086556786975E-02
BC_COffDi25            1.8536233597759804E+00  -6.1107840589772304E-02   8.2940008958458031E-03
BC_COffDi26            8.6676059899362190E-01  -1.8212013896032185E-02   3.6400325278355787E-02
BC_COffDi27            2.1093990309830923E+00  -7.6996101638797144E-03   7.0383634205582524E-02
BC_COffDi28            2.2093690718569383E+00  -8.0229609916333943E-03   6.8390360625684363E-02
BC_COffDi29            2.8274333882308147E+00  -4.4253299101995457E-02   9.6622235146566569E-03
BC_COffDi30            2.7798009687491310E+00   5.6168083915215453E-02   3.9908980141012719E-03
BC_COffDi31            4.4927634235744862E-01  -1.0370473318647780E-03   2.4916634927258485E-02
BC_COffDi32            4.5575514972710723E-01   3.7054765688435951E-03   5.0883482117557534E-02
BC_COffDi33            2.8018468848879818E+00  -5.3738803594043587E-02   3.0486053120177751E-03
BC_COffDi34            2.7840821919140581E+00   3.0227584218314302E-02   4.9598542870732147E-03
BC_COffDi35            2.6117305444645003E+00   4.1669530869159976E-02   9.3869911360891910E-03
BC_COffDi36            1.2164928659652094E+00   2.0314492361615813E-01   3.1291077981583332E-03
BC_COffDi37            2.6457742855269553E+00  -1.7485601118545736E-02   5.8946399791453162E-03
BC_COffDi38            4.5249882681740999E-01  -2.3420268991660784E-04   1.0507873374428393E-01
BC_COffDi39            1.4653729137008134E+00  -1.2096587842030586E-03   8.6340020876130796E-02
BC_COffDi40            4.7032185396626591E-01  -1.9741461786878517E-04   1.1382056567957405E-01
BC_COffDi41            2.6728397410014870E+00   8.5586881750590788E-02   9.0906274775337526E-03
BC_COffDi42            4.5057140441395532E-01   8.1726061424834988E-04   1.2136178498848277E-01
BC_COffDi43            2.4603293111084268E+00   1.7091933914240468E-02   4.0946313738835595E-02
BC_COffDi44            2.5859174590970895E+00   9.3864936029474375E-04   9.3121423291460337E-02
BC_COffDi45            2.7358330900245291E+00   6.2152491324449677E-04   1.0705155294725570E-01
BC_COffDi46            2.7973873958136610E+00  -5.3786023031056819E-02   8.3658405725603423E-03
BC_COffDi47            1.5747282603243964E+00  -5.5222124664508184E-03   2.5377719210723289E-02
BC_COffDi48            3.5856558920736861E+00  -1.1007230447707681E-02   1.4290964213542775E-02
BC_COffDi49            1.5908010431128312E+00  -4.3838603538122529E-02   1.3995511224880160E-02
BC_COffDi50            2.1471408018004383E+00   7.9849793020655910E-03   5.4798244465003179E-03
BC_COffDi51            2.4939716963513119E+00   1.4674694062770112E-02   6.3806248329308585E-03
BC_COffDi52            6.6975250040392242E-01  -2.0052328832207231E-02   8.7103726372341293E-03
BC_COffDi53            7.0322790535681934E-01   2.7993288413468872E-02   5.5673336376928662E-03
BC_COffDi54            5.8329640474119759E-01  -2.6745520964742173E-02   9.3387889707304550E-03
BC_COffDi55            5.5326070154734308E-01  -3.1202434415600368E-02   5.6127893381386551E-03
BC_COffDi56            2.6722187261254948E+00   9.9486094776869553E-04   2.0081475176853155E-02
BC_COffDi57            1.5677186034908970E+00   6.1606798062843566E-03   4.7947436709472819E-03
BC_COffDi58            2.7224369703703308E+00  -2.6030980683003628E-02   9.7114366772369752E-03
BC_COffDi59            5.9080177096754816E-01  -2.3745835013454105E-03   5.2058175200280221E-02
BC_COffDi60            2.5838023907979313E+00  -6.9431231191172211E-03   9.1194217447283076E-03
BC_COffDi61            1.0336478290426259E+00   1.1120590612689941E-03   1.8748829712045986E-01
BC_COffDi62            2.7960913260697229E+00  -3.0585419789448199E-03   8.5138573655074073E-02
BC_COffDi63            1.6806779757707446E+00  -8.1051779412785550E-03   2.8676237499999795E-02
BC_COffDi64            1.3435621868458474E+00  -1.0772552307002093E-02   3.2850632020762674E-02
BC_COffDi65            4.5210362475787258E-01  -3.1544842762007822E-03   6.9012532086820941E-02
BC_COffDi66            8.5814771688482472E-01  -1.3207857041983237E-04   2.9400768720126635E-01
BC_COffDi67            3.1415926535897981E-01   1.0798714090432897E-03   1.1945942096822090E-01
BC_COffDi68            6.9293001270172627E-01   5.6408087017096051E-03   3.2451931526279859E-01
BC_COffDi69            8.5804927653063956E-01  -1.3190454067524697E-04   2.1595300925951258E-01
BC_COffDi70            1.3924578976064637E+00  -4.6314005287911207E-02   6.5979414699358823E-03
BC_COffDi71            4.5894333709649543E-01  -1.2930268474528642E-03   2.0472532643650534E-02
BC_COffDi72            5.9376210150999933E+00  -3.1908076416002331E-04   7.0091730491199122E-01
BC_COffDi73            2.8072893088353394E+00  -1.2224252019488570E-02   1.2031504681487046E-02
BC_COffDi74            1.5973247531017476E+00  -4.3098109773196204E-02   8.0738724284627021E-03
BC_COffDi75            6.6174607098971694E-01   4.3037745749007705E-02   7.6020948785903162E-03
BC_COffDi76            2.7957072803262655E+00  -4.3441630095393308E-05   1.6410290474562839E-01
BC_COffDi77            2.8243424140730631E+00   3.5222226364606452E-02   9.8647272174402830E-03
BC_COffDi78            1.0688291031913666E+00  -2.8468261890288878E-03   1.2349153181153131E-02
BC_COffDi79            4.8391894486386416E-01  -6.7208079480871638E-04   2.5519586687626727E-02
BC_COffDi80            2.4767746072154058E+00   5.4370894000910089E-04   1.5897008931165785E-01
BC_COffDi81            1.3195216591798846E+00  -1.9078650046788371E-02   1.3825958829385854E-02
BC_COffDi82            7.5032935960154545E-01   4.1335756759760395E-02   8.3631054283795810E-03
BC_COffDi83            2.2979772270699286E+00   1.5967839944376332E-03   9.3011065538264170E-03
BC_COffDi84            2.7963697745441292E+00   1.0249831992641199E-03   1.6807255598202211E-01
BC_COffDi85            4.9479960464343142E-01  -5.9656376336548633E-02   7.0204486073401308E-03
BC_COffDi86            2.7965219128091197E+00   5.5664234291546662E-02   1.9760762890445607E-02
BC_COffDi87            2.8110436785426867E+00   1.1581433021764304E-02   2.8405755425450124E-02
BC_COffDi88            1.8721522164349425E+00   6.3844981811662970E-04   4.1491718269492231E-02
BC_COffDi89            5.9423530736923853E+00   7.9042278256276604E-04   9.7948082645746337E-02
BC_COffDi90            8.4333345502375057E-01   7.0443114723857413E-04   8.7756079944376092E-02
BC_COffDi91            1.1980538406299903E+00   1.4935093046194307E-03   7.9780561082626211E-02
BC_COffDi92            2.5968944854044564E+00   1.8134092978428693E-03   1.4356119255482352E-01
BC_COffDi93            2.3477724015196921E+00  -4.9470443838587055E-03   3.8519881951140075E-02
BC_COffDi94            4.5178020617891196E-01  -1.8283841327671297E-03   8.1338142178014078E-02
BC_COffDi95            6.4990078760145542E-01  -2.2362804612247847E-03   3.1955338518532037E-02
BC_COffDi96            2.0923966731014514E+00   1.8526831031139500E-03   4.5133085452645894E-01
BC_COffDi97            2.3353380617101718E+00   1.1301407222746901E-04   2.4597613728798988E+00
  BD_beta01           -8.8275409305634434E-01   2.5880108513789048E-02   6.8401647913372858E-03
  BD_beta02           -1.2963244095099399E-01   3.1973685332504125E-03   5.3139782524416930E-03
  BD_beta03            8.2679803753174386E-01   3.1591048679755443E-02   5.1212144859031092E-03
  BD_beta04            2.0543054100156999E-01   3.8111788116590183E-02   7.5224313731649551E-03
  BD_beta05            1.1423124409823497E+00   1.5197251621673335E-02   1.1712608877074692E-02
  BD_beta06           -1.9809919392412585E+00   8.4118941606247683E-03   2.4724729457599959E-02
  BD_beta07            7.5537843097989266E-01  -2.7882186408090728E-02   3.7556977251127122E-03
  BD_beta08            4.9486174868823479E-01   1.4653367170330639E-01   4.2235595032386625E-03
  BD_beta09            9.5518710258267869E-01   9.2219765899950498E-02   5.1718979903855860E-03
  BD_beta10           -7.9023542248875667E-01   9.8496706702568878E-03   1.8149398828941066E-02
  BD_beta11           -7.8426893322074004E-02  -3.2139468162752642E-02   8.4229162012255717E-03
  BD_beta12            2.9183217644228671E-01   7.8572811901449990E-02   9.2832725399269126E-03
  BD_beta13           -2.0597715461668296E+00   2.7071372186204101E-03   3.6510167475932095E-02
  BD_beta14           -9.8111659196200285E-01   9.2052134845850338E-03   5.6976205557510123E-02
  BD_beta15           -1.0277666927890594E+00  -1.7940375633779888E-02   9.3016682493016582E-03
  BD_beta16           -6.7900544069797703E-02  -2.4362930058770837E-02   6.7343344614278567E-03
  BD_beta17            5.8442783701554124E-01   6.2680546686479932E-02   7.7267196214024225E-03
  BD_beta18            6.8391635280646745E-01  -9.2487452468579048E-03   8.9073663281809441E-03
  BD_beta19           -1.0451941151271487E+00  -2.9733408155945803E-03   5.8939595440356519E-02
  BD_beta20           -2.0786771537909980E+00  -3.5063271250361265E-03   2.1423457004888211E-01
  BD_beta21           -9.1005243106884903E-01   1.6509395321202866E-02   1.1538526055135690E-02
  BD_beta22            1.1914629313588319E+00   5.5301904493258433E-02   6.0393115919844418E-03
  BD_beta23            2.3329939010369391E-01  -7.5753032204189360E-03   1.4257815779130016E-02
  BD_beta24            9.4352798676336436E-01   5.7155843952702304E-02   9.1157217247883511E-03
  BD_beta25           -1.6660042114025864E+00  -8.6506241655474422E-02   2.6290506976883388E-02
  BD_beta26           -1.1424297421119742E+00   5.3547806746116614E-04   4.4828954454389676E-02
  BD_beta27           -9.2957398757096701E-02   6.2590615588983588E-03   7.2661256098418836E-02
 BD_CDiag01           -3.0542492835331259E-01  -1.1339761216685804E-01   1.9654967472120199E-03
 BD_CDiag02            9.1973479871337271E-01   1.1495070682584763E+00   2.1054563500842362E-03
 BD_CDiag03            1.1665964881318477E-01   1.8806473825031738E-02   2.6913943806308651E-03
 BD_CDiag04            9.9999999999999967E-01  -2.3053556651552781E-01   3.3369247490072870E-03
 BD_CDiag05            2.5778292086965315E-01  -1.0241441227771519E-01   3.1407610310479010E-03
 BD_CDiag06            7.2559962465042760E-01   1.5721950595553102E-02   1.0110781405473175E-02
 BD_CDiag07            2.3945714589235251E-01  -2.0905818591945483E-01   1.9232484238086906E-03
 BD_CDiag08            3.5399056048274491E-01  -2.1921239475761192E-01   3.2629270042965472E-03
 BD_CDiag09            2.0492224427984717E-02   1.3412374162575718E+00   2.5642119566355961E-03
 BD_CDiag10            4.9286688311240701E-01   4.8921120881226458E-02   1.0399328416298410E-02
 BD_CDiag11            4.7113116835324498E-01  -6.1529098427978872E-02   5.1971672324633645E-03
 BD_CDiag12            2.5776188319199583E-01  -1.2623015989437800E-01   6.0548879538497276E-03
 BD_CDiag13            7.8758603415588158E-01  -3.5829299439671489E-02   1.8965053530090693E-02
 BD_CDiag14            8.1436994385342654E-01   1.8863969776576894E-02   2.2735143827583317E-02
 BD_CDiag15            4.5195972123925987E-01  -3.6394968455238930E-02   7.5089014477507177E-03
 BD_CDiag16            4.8487033294056306E-02  -7.3928616778645212E-03   4.2144713834374702E-03
 BD_CDiag17            1.5841034886215682E-01  -1.6948460276681957E-02   2.9417145323229407E-03
 BD_CDiag18            1.1203976797471514E-01  -3.3408360496438569E-02   4.2403081314710926E-03
 BD_CDiag19            4.7845892784576510E-01  -5.9462306961049639E-03   9.2248132515307148E-03
 BD_CDiag20            7.0223638915026942E-01  -1.6846900953669659E-02   8.5126797751971919E-02
 BD_CDiag21            2.0083241265617388E-01   8.5107046104210323E-03   6.0772396147230553E-03
 BD_CDiag22            1.3797526792325140E-01  -8.8609288858317439E-02   3.2117951071212732E-03
 BD_CDiag23            4.8953793670956036E-01  -2.8235446124641812E-02   8.1350070628323726E-03
 BD_CDiag24            3.4543694200300257E-01   6.8965668419931096E-03   5.0162981955478875E-03
 BD_CDiag25            5.7799159583641668E-01  -1.2807562997668709E-01   1.8677121031017093E-02
 BD_CDiag26            9.5285230338186855E-01   2.2368692501483857E-05   2.8290926236781956E-02
 BD_CDiag27            6.4813482566287406E-01   3.2677634649403500E-02   2.9146492464867974E-02
BD_COffDi01            2.7940928293190295E+00   1.2203861458076133E+00   2.0526545846300663E-03
BD_COffDi02            2.8167885153443266E+00   4.9828058923706243E-03   1.9403500870639082E-02
BD_COffDi03            2.1458672936315151E+00   1.2564208324898246E-01   1.3796520233882168E-03
BD_COffDi04            9.4727423044514247E-01   1.3362091690477272E-02   3.6393215107085472E-02
BD_COffDi05            2.8274333882308138E+00  -2.0167136670104502E-02   9.0894202447100621E-03
BD_COffDi06            2.7995449103886192E+00  -5.6020684230653039E-02   6.5313563869109255E-03
BD_COffDi07            2.4044303477120215E+00  -1.3174835429994547E-01   5.0455807093832544E-03
BD_COffDi08            5.9659688031989910E+00   9.2404995015875607E-03   9.7720570130798115E-02
BD_COffDi09            2.8059260299892661E+00   5.4897210507388647E-02   1.2172161641063970E-02
BD_COffDi10            2.3260287831594262E+00   1.3522296847417434E-01   3.1537532569934929E-03
BD_COffDi11            2.7880277420521660E+00  -8.3996482248126364E-02   1.4280980600807269E-02
BD_COffDi12            3.4748023838862985E-01  -2.9048936217384188E-02   1.5807060132368631E-02
BD_COffDi13            2.8063209018110240E+00   1.1632802344598922E-02   1.6962540096871027E-02
BD_COffDi14            2.5947629144334008E+00   4.4453882418297945E-02   6.2956113010884151E-03
BD_COffDi15            1.5462788417424791E+00   1.3392385398563777E-03   8.7981875881884969E-02
BD_COffDi16            1.3713896243699963E+00   2.8063330774112535E-03   2.8183105987525454E-02
BD_COffDi17            2.8244539222030709E+00   1.0036331554753371E-02   3.5241397000641557E-02
BD_COffDi18            2.8106675284775444E+00   1.9998764803852297E-03   7.0002178734396639E-02
BD_COffDi19            1.6106769417982820E+00   1.3651225125383351E-02   7.0290155335222329E-02
BD_COffDi20            1.6271599683652682E+00  -7.1318551179567840E-04   2.4384002349025324E-02
BD_COffDi21            2.8040908200393027E+00  -4.8688499697775278E-02   1.8935162556281662E-02
BD_COffDi22            2.4901707476990667E+00  -3.0329349289370106E-02   9.4064165525149668E-03
BD_COffDi23            2.0319598661685614E+00   3.6582556273957727E-02   1.1036770259773666E-02
BD_COffDi24            2.1281441499756872E+00   2.1981895144321983E-01   8.9888748613071463E-03
BD_COffDi25            2.8137950229975432E+00   4.9762511717149400E-06   3.2391984074989770E-02
BD_COffDi26            4.8280452851577431E+00  -7.0428288766941965E-03   4.8868013266802318E-02
  Likelihood -8.813    
        nobs      26514
   No. Parms        321
         BIC  3252.    
  Max. Grad.  1.341    
   Min. Eig. 0.1520    
