   1,     BD_COffDiag(01),   1,   0.3141592653589793D+00,   0.7360180802779744D+01
   1,     BD_COffDiag(01),   2,   0.4008238902855943D+00,   0.7352198084920863D+01
   1,     BD_COffDiag(01),   3,   0.4874885152122093D+00,   0.7350873257107631D+01
   1,     BD_COffDiag(01),   4,   0.5741531401388242D+00,   0.7357952766132220D+01
   1,     BD_COffDiag(01),   5,   0.6608177650654392D+00,   0.7361268658590956D+01
   1,     BD_COffDiag(01),   6,   0.7474823899920542D+00,   0.7363659567532279D+01
   1,     BD_COffDiag(01),   7,   0.8341470149186692D+00,   0.7375096149749421D+01
   1,     BD_COffDiag(01),   8,   0.9208116398452841D+00,   0.7369162663502884D+01
   1,     BD_COffDiag(01),   9,   0.1007476264771899D+01,   0.7370609521778332D+01
   1,     BD_COffDiag(01),  10,   0.1094140889698514D+01,   0.7375681404735958D+01
   1,     BD_COffDiag(01),  11,   0.1180805514625129D+01,   0.7387759415646703D+01
   1,     BD_COffDiag(01),  12,   0.1267470139551744D+01,   0.7398133044939653D+01
   1,     BD_COffDiag(01),  13,   0.1354134764478359D+01,   0.7397718774651259D+01
   1,     BD_COffDiag(01),  14,   0.1440799389404974D+01,   0.7404004685124203D+01
   1,     BD_COffDiag(01),  15,   0.1527464014331589D+01,   0.7418635332580233D+01
   1,     BD_COffDiag(01),  16,   0.1614128639258204D+01,   0.7437104758203844D+01
   1,     BD_COffDiag(01),  17,   0.1700793264184819D+01,   0.7463731457364452D+01
   1,     BD_COffDiag(01),  18,   0.1787457889111434D+01,   0.7498009720259320D+01
   1,     BD_COffDiag(01),  19,   0.1874122514038049D+01,   0.7496977656446522D+01
   1,     BD_COffDiag(01),  20,   0.1960787138964664D+01,   0.7537939604317912D+01
   1,     BD_COffDiag(01),  21,   0.2047451763891279D+01,   0.7550173336036128D+01
   1,     BD_COffDiag(01),  22,   0.2134116388817894D+01,   0.7578133636659427D+01
   1,     BD_COffDiag(01),  23,   0.2220781013744509D+01,   0.7576841468638039D+01
   1,     BD_COffDiag(01),  24,   0.2307445638671124D+01,   0.7556726419083232D+01
   1,     BD_COffDiag(01),  25,   0.2394110263597740D+01,   0.7529825252003894D+01
   1,     BD_COffDiag(01),  26,   0.2480774888524355D+01,   0.7500272209422779D+01
   1,     BD_COffDiag(01),  27,   0.2567439513450970D+01,   0.7493171270305517D+01
   1,     BD_COffDiag(01),  28,   0.2654104138377585D+01,   0.7477067024189981D+01
   1,     BD_COffDiag(01),  29,   0.2740768763304200D+01,   0.7451652820370635D+01
   1,     BD_COffDiag(01),  30,   0.2827433388230814D+01,   0.7432927465497709D+01
   2,     BD_COffDiag(02),   1,   0.3141592653589793D+00,   0.7906594849653689D+01
   2,     BD_COffDiag(02),   2,   0.4008238902855943D+00,   0.7947823047191506D+01
   2,     BD_COffDiag(02),   3,   0.4874885152122093D+00,   0.7962323641003612D+01
   2,     BD_COffDiag(02),   4,   0.5741531401388242D+00,   0.7975524849669875D+01
   2,     BD_COffDiag(02),   5,   0.6608177650654392D+00,   0.7992362057988877D+01
   2,     BD_COffDiag(02),   6,   0.7474823899920542D+00,   0.8021271130791620D+01
   2,     BD_COffDiag(02),   7,   0.8341470149186692D+00,   0.8021536913199595D+01
   2,     BD_COffDiag(02),   8,   0.9208116398452841D+00,   0.8012253615703505D+01
   2,     BD_COffDiag(02),   9,   0.1007476264771899D+01,   0.7993444498369982D+01
   2,     BD_COffDiag(02),  10,   0.1094140889698514D+01,   0.7979103546087573D+01
   2,     BD_COffDiag(02),  11,   0.1180805514625129D+01,   0.7948803677149878D+01
   2,     BD_COffDiag(02),  12,   0.1267470139551744D+01,   0.7924940943613338D+01
   2,     BD_COffDiag(02),  13,   0.1354134764478359D+01,   0.7914640673870209D+01
   2,     BD_COffDiag(02),  14,   0.1440799389404974D+01,   0.7905007973908337D+01
   2,     BD_COffDiag(02),  15,   0.1527464014331589D+01,   0.7896637136424768D+01
   2,     BD_COffDiag(02),  16,   0.1614128639258204D+01,   0.7898328714022640D+01
   2,     BD_COffDiag(02),  17,   0.1700793264184819D+01,   0.7879259628665809D+01
   2,     BD_COffDiag(02),  18,   0.1787457889111434D+01,   0.7900578498990970D+01
   2,     BD_COffDiag(02),  19,   0.1874122514038049D+01,   0.7906173601050456D+01
   2,     BD_COffDiag(02),  20,   0.1960787138964664D+01,   0.7903982799577500D+01
   2,     BD_COffDiag(02),  21,   0.2047451763891279D+01,   0.7910677098495321D+01
   2,     BD_COffDiag(02),  22,   0.2134116388817894D+01,   0.7897039584973354D+01
   2,     BD_COffDiag(02),  23,   0.2220781013744509D+01,   0.7882308640740558D+01
   2,     BD_COffDiag(02),  24,   0.2307445638671124D+01,   0.7868760801093910D+01
   2,     BD_COffDiag(02),  25,   0.2394110263597740D+01,   0.7863462252726543D+01
   2,     BD_COffDiag(02),  26,   0.2480774888524355D+01,   0.7830374434145037D+01
   2,     BD_COffDiag(02),  27,   0.2567439513450970D+01,   0.7808482879456183D+01
   2,     BD_COffDiag(02),  28,   0.2654104138377585D+01,   0.7778129121765140D+01
   2,     BD_COffDiag(02),  29,   0.2740768763304200D+01,   0.7743453018262806D+01
   2,     BD_COffDiag(02),  30,   0.2827433388230814D+01,   0.7723365138134804D+01
   3,     BD_COffDiag(03),   1,   0.3141592653589793D+00,   0.7699962318294270D+01
   3,     BD_COffDiag(03),   2,   0.4008238902855943D+00,   0.7700441074357676D+01
   3,     BD_COffDiag(03),   3,   0.4874885152122093D+00,   0.7691370916231578D+01
   3,     BD_COffDiag(03),   4,   0.5741531401388242D+00,   0.7684747007153708D+01
   3,     BD_COffDiag(03),   5,   0.6608177650654392D+00,   0.7655209549527395D+01
   3,     BD_COffDiag(03),   6,   0.7474823899920542D+00,   0.7630599319319766D+01
   3,     BD_COffDiag(03),   7,   0.8341470149186692D+00,   0.7602675307677962D+01
   3,     BD_COffDiag(03),   8,   0.9208116398452841D+00,   0.7580753073609436D+01
   3,     BD_COffDiag(03),   9,   0.1007476264771899D+01,   0.7560998578690231D+01
   3,     BD_COffDiag(03),  10,   0.1094140889698514D+01,   0.7545405881770239D+01
   3,     BD_COffDiag(03),  11,   0.1180805514625129D+01,   0.7524625191224696D+01
   3,     BD_COffDiag(03),  12,   0.1267470139551744D+01,   0.7514427552135069D+01
   3,     BD_COffDiag(03),  13,   0.1354134764478359D+01,   0.7485373794062968D+01
   3,     BD_COffDiag(03),  14,   0.1440799389404974D+01,   0.7478929111239817D+01
   3,     BD_COffDiag(03),  15,   0.1527464014331589D+01,   0.7464229021806094D+01
   3,     BD_COffDiag(03),  16,   0.1614128639258204D+01,   0.7451599158929917D+01
   3,     BD_COffDiag(03),  17,   0.1700793264184819D+01,   0.7441481513034470D+01
   3,     BD_COffDiag(03),  18,   0.1787457889111434D+01,   0.7442374985918121D+01
   3,     BD_COffDiag(03),  19,   0.1874122514038049D+01,   0.7436117121935332D+01
   3,     BD_COffDiag(03),  20,   0.1960787138964664D+01,   0.7424130283033882D+01
   3,     BD_COffDiag(03),  21,   0.2047451763891279D+01,   0.7426488988036861D+01
   3,     BD_COffDiag(03),  22,   0.2134116388817894D+01,   0.7429089567596899D+01
   3,     BD_COffDiag(03),  23,   0.2220781013744509D+01,   0.7437173435050719D+01
   3,     BD_COffDiag(03),  24,   0.2307445638671124D+01,   0.7431931644844763D+01
   3,     BD_COffDiag(03),  25,   0.2394110263597740D+01,   0.7442088821126977D+01
   3,     BD_COffDiag(03),  26,   0.2480774888524355D+01,   0.7428496024452472D+01
   3,     BD_COffDiag(03),  27,   0.2567439513450970D+01,   0.7421253243565195D+01
   3,     BD_COffDiag(03),  28,   0.2654104138377585D+01,   0.7413415829723012D+01
   3,     BD_COffDiag(03),  29,   0.2740768763304200D+01,   0.7420367876747108D+01
   3,     BD_COffDiag(03),  30,   0.2827433388230814D+01,   0.7395222195408358D+01
   4,     BD_COffDiag(04),   1,   0.3141592653589793D+00,   0.7378640348951728D+01
   4,     BD_COffDiag(04),   2,   0.4008238902855943D+00,   0.7373215877673540D+01
   4,     BD_COffDiag(04),   3,   0.4874885152122093D+00,   0.7370741110545143D+01
   4,     BD_COffDiag(04),   4,   0.5741531401388242D+00,   0.7370600789732912D+01
   4,     BD_COffDiag(04),   5,   0.6608177650654392D+00,   0.7365883116479437D+01
   4,     BD_COffDiag(04),   6,   0.7474823899920542D+00,   0.7363998282810983D+01
   4,     BD_COffDiag(04),   7,   0.8341470149186692D+00,   0.7358407099027812D+01
   4,     BD_COffDiag(04),   8,   0.9208116398452841D+00,   0.7357392040847007D+01
   4,     BD_COffDiag(04),   9,   0.1007476264771899D+01,   0.7352855075853754D+01
   4,     BD_COffDiag(04),  10,   0.1094140889698514D+01,   0.7348731407248141D+01
   4,     BD_COffDiag(04),  11,   0.1180805514625129D+01,   0.7344210303027177D+01
   4,     BD_COffDiag(04),  12,   0.1267470139551744D+01,   0.7347187037372326D+01
   4,     BD_COffDiag(04),  13,   0.1354134764478359D+01,   0.7349726033328544D+01
   4,     BD_COffDiag(04),  14,   0.1440799389404974D+01,   0.7352465426731139D+01
   4,     BD_COffDiag(04),  15,   0.1527464014331589D+01,   0.7350739028268252D+01
   4,     BD_COffDiag(04),  16,   0.1614128639258204D+01,   0.7355214774347681D+01
   4,     BD_COffDiag(04),  17,   0.1700793264184819D+01,   0.7355908363062645D+01
   4,     BD_COffDiag(04),  18,   0.1787457889111434D+01,   0.7360248097241540D+01
   4,     BD_COffDiag(04),  19,   0.1874122514038049D+01,   0.7357079287692859D+01
   4,     BD_COffDiag(04),  20,   0.1960787138964664D+01,   0.7354699198378805D+01
   4,     BD_COffDiag(04),  21,   0.2047451763891279D+01,   0.7355701197311324D+01
   4,     BD_COffDiag(04),  22,   0.2134116388817894D+01,   0.7356744772016734D+01
   4,     BD_COffDiag(04),  23,   0.2220781013744509D+01,   0.7359059174379765D+01
   4,     BD_COffDiag(04),  24,   0.2307445638671124D+01,   0.7359236202724485D+01
   4,     BD_COffDiag(04),  25,   0.2394110263597740D+01,   0.7359899948582075D+01
   4,     BD_COffDiag(04),  26,   0.2480774888524355D+01,   0.7356693442833610D+01
   4,     BD_COffDiag(04),  27,   0.2567439513450970D+01,   0.7357977680356515D+01
   4,     BD_COffDiag(04),  28,   0.2654104138377585D+01,   0.7356324593787627D+01
   4,     BD_COffDiag(04),  29,   0.2740768763304200D+01,   0.7356071557340441D+01
   4,     BD_COffDiag(04),  30,   0.2827433388230814D+01,   0.7354672916656944D+01
   5,     BD_COffDiag(05),   1,   0.3141592653589793D+00,   0.7438208068068379D+01
   5,     BD_COffDiag(05),   2,   0.4008238902855943D+00,   0.7427445595595407D+01
   5,     BD_COffDiag(05),   3,   0.4874885152122093D+00,   0.7421346711614409D+01
   5,     BD_COffDiag(05),   4,   0.5741531401388242D+00,   0.7414163529961476D+01
   5,     BD_COffDiag(05),   5,   0.6608177650654392D+00,   0.7405305236263783D+01
   5,     BD_COffDiag(05),   6,   0.7474823899920542D+00,   0.7390424447037855D+01
   5,     BD_COffDiag(05),   7,   0.8341470149186692D+00,   0.7377548027363400D+01
   5,     BD_COffDiag(05),   8,   0.9208116398452841D+00,   0.7374616497606083D+01
   5,     BD_COffDiag(05),   9,   0.1007476264771899D+01,   0.7369868756182015D+01
   5,     BD_COffDiag(05),  10,   0.1094140889698514D+01,   0.7369456377145704D+01
   5,     BD_COffDiag(05),  11,   0.1180805514625129D+01,   0.7372507903892505D+01
   5,     BD_COffDiag(05),  12,   0.1267470139551744D+01,   0.7372545736858717D+01
   5,     BD_COffDiag(05),  13,   0.1354134764478359D+01,   0.7372904376607076D+01
   5,     BD_COffDiag(05),  14,   0.1440799389404974D+01,   0.7374253333797586D+01
   5,     BD_COffDiag(05),  15,   0.1527464014331589D+01,   0.7374871182008228D+01
   5,     BD_COffDiag(05),  16,   0.1614128639258204D+01,   0.7378752405274423D+01
   5,     BD_COffDiag(05),  17,   0.1700793264184819D+01,   0.7379151296219025D+01
   5,     BD_COffDiag(05),  18,   0.1787457889111434D+01,   0.7380823995675120D+01
   5,     BD_COffDiag(05),  19,   0.1874122514038049D+01,   0.7385699362282008D+01
   5,     BD_COffDiag(05),  20,   0.1960787138964664D+01,   0.7390150651708518D+01
   5,     BD_COffDiag(05),  21,   0.2047451763891279D+01,   0.7400245405733144D+01
   5,     BD_COffDiag(05),  22,   0.2134116388817894D+01,   0.7403931667493493D+01
   5,     BD_COffDiag(05),  23,   0.2220781013744509D+01,   0.7408027095308692D+01
   5,     BD_COffDiag(05),  24,   0.2307445638671124D+01,   0.7428955255738789D+01
   5,     BD_COffDiag(05),  25,   0.2394110263597740D+01,   0.7436702553544301D+01
   5,     BD_COffDiag(05),  26,   0.2480774888524355D+01,   0.7472691988163893D+01
   5,     BD_COffDiag(05),  27,   0.2567439513450970D+01,   0.7475720941039063D+01
   5,     BD_COffDiag(05),  28,   0.2654104138377585D+01,   0.7486095716271882D+01
   5,     BD_COffDiag(05),  29,   0.2740768763304200D+01,   0.7493668599595054D+01
   5,     BD_COffDiag(05),  30,   0.2827433388230814D+01,   0.7506532059230764D+01
   6,     BD_COffDiag(06),   1,   0.3141592653589793D+00,   0.7860844350002174D+01
   6,     BD_COffDiag(06),   2,   0.4008238902855943D+00,   0.7909648955900247D+01
   6,     BD_COffDiag(06),   3,   0.4874885152122093D+00,   0.7938988271289656D+01
   6,     BD_COffDiag(06),   4,   0.5741531401388242D+00,   0.7957172906773701D+01
   6,     BD_COffDiag(06),   5,   0.6608177650654392D+00,   0.7983618227899367D+01
   6,     BD_COffDiag(06),   6,   0.7474823899920542D+00,   0.8000743036557061D+01
   6,     BD_COffDiag(06),   7,   0.8341470149186692D+00,   0.8003480995827482D+01
   6,     BD_COffDiag(06),   8,   0.9208116398452841D+00,   0.7988612355279332D+01
   6,     BD_COffDiag(06),   9,   0.1007476264771899D+01,   0.7982110728669907D+01
   6,     BD_COffDiag(06),  10,   0.1094140889698514D+01,   0.7973234005057045D+01
   6,     BD_COffDiag(06),  11,   0.1180805514625129D+01,   0.7959283030213813D+01
   6,     BD_COffDiag(06),  12,   0.1267470139551744D+01,   0.7935720808644559D+01
   6,     BD_COffDiag(06),  13,   0.1354134764478359D+01,   0.7909308565235220D+01
   6,     BD_COffDiag(06),  14,   0.1440799389404974D+01,   0.7864583661720140D+01
   6,     BD_COffDiag(06),  15,   0.1527464014331589D+01,   0.7816803940369036D+01
   6,     BD_COffDiag(06),  16,   0.1614128639258204D+01,   0.7767582988273320D+01
   6,     BD_COffDiag(06),  17,   0.1700793264184819D+01,   0.7727546270851379D+01
   6,     BD_COffDiag(06),  18,   0.1787457889111434D+01,   0.7687182510513659D+01
   6,     BD_COffDiag(06),  19,   0.1874122514038049D+01,   0.7653513175805477D+01
   6,     BD_COffDiag(06),  20,   0.1960787138964664D+01,   0.7606289549452361D+01
   6,     BD_COffDiag(06),  21,   0.2047451763891279D+01,   0.7588894599941633D+01
   6,     BD_COffDiag(06),  22,   0.2134116388817894D+01,   0.7575446666809767D+01
   6,     BD_COffDiag(06),  23,   0.2220781013744509D+01,   0.7536104470197414D+01
   6,     BD_COffDiag(06),  24,   0.2307445638671124D+01,   0.7501133962345287D+01
   6,     BD_COffDiag(06),  25,   0.2394110263597740D+01,   0.7454794902800663D+01
   6,     BD_COffDiag(06),  26,   0.2480774888524355D+01,   0.7433143478740273D+01
   6,     BD_COffDiag(06),  27,   0.2567439513450970D+01,   0.7416608869646073D+01
   6,     BD_COffDiag(06),  28,   0.2654104138377585D+01,   0.7396612730753280D+01
   6,     BD_COffDiag(06),  29,   0.2740768763304200D+01,   0.7376827789980522D+01
   6,     BD_COffDiag(06),  30,   0.2827433388230814D+01,   0.7373331580040378D+01
   7,     BD_COffDiag(07),   1,   0.3141592653589793D+00,   0.7356801630761105D+01
   7,     BD_COffDiag(07),   2,   0.4008238902855943D+00,   0.7358145140511347D+01
   7,     BD_COffDiag(07),   3,   0.4874885152122093D+00,   0.7357942130107202D+01
   7,     BD_COffDiag(07),   4,   0.5741531401388242D+00,   0.7358936168275719D+01
   7,     BD_COffDiag(07),   5,   0.6608177650654392D+00,   0.7359973427062792D+01
   7,     BD_COffDiag(07),   6,   0.7474823899920542D+00,   0.7360465377538164D+01
   7,     BD_COffDiag(07),   7,   0.8341470149186692D+00,   0.7361549216616202D+01
   7,     BD_COffDiag(07),   8,   0.9208116398452841D+00,   0.7365008199697155D+01
   7,     BD_COffDiag(07),   9,   0.1007476264771899D+01,   0.7364096625491372D+01
   7,     BD_COffDiag(07),  10,   0.1094140889698514D+01,   0.7367694294944576D+01
   7,     BD_COffDiag(07),  11,   0.1180805514625129D+01,   0.7367123926810820D+01
   7,     BD_COffDiag(07),  12,   0.1267470139551744D+01,   0.7368502229912075D+01
   7,     BD_COffDiag(07),  13,   0.1354134764478359D+01,   0.7373311085155708D+01
   7,     BD_COffDiag(07),  14,   0.1440799389404974D+01,   0.7374792996008993D+01
   7,     BD_COffDiag(07),  15,   0.1527464014331589D+01,   0.7376075350470755D+01
   7,     BD_COffDiag(07),  16,   0.1614128639258204D+01,   0.7376530687305219D+01
   7,     BD_COffDiag(07),  17,   0.1700793264184819D+01,   0.7378112644013608D+01
   7,     BD_COffDiag(07),  18,   0.1787457889111434D+01,   0.7380057365695707D+01
   7,     BD_COffDiag(07),  19,   0.1874122514038049D+01,   0.7381157417214167D+01
   7,     BD_COffDiag(07),  20,   0.1960787138964664D+01,   0.7384640221766275D+01
   7,     BD_COffDiag(07),  21,   0.2047451763891279D+01,   0.7390231999885766D+01
   7,     BD_COffDiag(07),  22,   0.2134116388817894D+01,   0.7387727079757048D+01
   7,     BD_COffDiag(07),  23,   0.2220781013744509D+01,   0.7389054814621542D+01
   7,     BD_COffDiag(07),  24,   0.2307445638671124D+01,   0.7392113695095386D+01
   7,     BD_COffDiag(07),  25,   0.2394110263597740D+01,   0.7394330566908565D+01
   7,     BD_COffDiag(07),  26,   0.2480774888524355D+01,   0.7393267216318658D+01
   7,     BD_COffDiag(07),  27,   0.2567439513450970D+01,   0.7394006780971110D+01
   7,     BD_COffDiag(07),  28,   0.2654104138377585D+01,   0.7390755524301547D+01
   7,     BD_COffDiag(07),  29,   0.2740768763304200D+01,   0.7388659548872847D+01
   7,     BD_COffDiag(07),  30,   0.2827433388230814D+01,   0.7388869286928863D+01
   8,     BD_COffDiag(08),   1,   0.3141592653589793D+00,   0.7484607047146731D+01
   8,     BD_COffDiag(08),   2,   0.4008238902855943D+00,   0.7484684561037426D+01
   8,     BD_COffDiag(08),   3,   0.4874885152122093D+00,   0.7491068123611391D+01
   8,     BD_COffDiag(08),   4,   0.5741531401388242D+00,   0.7514992868320066D+01
   8,     BD_COffDiag(08),   5,   0.6608177650654392D+00,   0.7508336380660532D+01
   8,     BD_COffDiag(08),   6,   0.7474823899920542D+00,   0.7495623962956502D+01
   8,     BD_COffDiag(08),   7,   0.8341470149186692D+00,   0.7498031350424935D+01
   8,     BD_COffDiag(08),   8,   0.9208116398452841D+00,   0.7496620259949177D+01
   8,     BD_COffDiag(08),   9,   0.1007476264771899D+01,   0.7484897795987063D+01
   8,     BD_COffDiag(08),  10,   0.1094140889698514D+01,   0.7476415371352041D+01
   8,     BD_COffDiag(08),  11,   0.1180805514625129D+01,   0.7469951496874859D+01
   8,     BD_COffDiag(08),  12,   0.1267470139551744D+01,   0.7444694223385057D+01
   8,     BD_COffDiag(08),  13,   0.1354134764478359D+01,   0.7425380894029575D+01
   8,     BD_COffDiag(08),  14,   0.1440799389404974D+01,   0.7423339347388020D+01
   8,     BD_COffDiag(08),  15,   0.1527464014331589D+01,   0.7432040063038099D+01
   8,     BD_COffDiag(08),  16,   0.1614128639258204D+01,   0.7416479879562882D+01
   8,     BD_COffDiag(08),  17,   0.1700793264184819D+01,   0.7396265587667405D+01
   8,     BD_COffDiag(08),  18,   0.1787457889111434D+01,   0.7380686560008885D+01
   8,     BD_COffDiag(08),  19,   0.1874122514038049D+01,   0.7365533365376967D+01
   8,     BD_COffDiag(08),  20,   0.1960787138964664D+01,   0.7382680177409636D+01
   8,     BD_COffDiag(08),  21,   0.2047451763891279D+01,   0.7397288077078550D+01
   8,     BD_COffDiag(08),  22,   0.2134116388817894D+01,   0.7400399970599803D+01
   8,     BD_COffDiag(08),  23,   0.2220781013744509D+01,   0.7442166860935650D+01
   8,     BD_COffDiag(08),  24,   0.2307445638671124D+01,   0.7472370987510491D+01
   8,     BD_COffDiag(08),  25,   0.2394110263597740D+01,   0.7507256754904167D+01
   8,     BD_COffDiag(08),  26,   0.2480774888524355D+01,   0.7524919996005321D+01
   8,     BD_COffDiag(08),  27,   0.2567439513450970D+01,   0.7540917456644694D+01
   8,     BD_COffDiag(08),  28,   0.2654104138377585D+01,   0.7572409499938195D+01
   8,     BD_COffDiag(08),  29,   0.2740768763304200D+01,   0.7586441365301444D+01
   8,     BD_COffDiag(08),  30,   0.2827433388230814D+01,   0.7611392656809881D+01
   9,     BD_COffDiag(09),   1,   0.3141592653589793D+00,   0.7457849069451026D+01
   9,     BD_COffDiag(09),   2,   0.4008238902855943D+00,   0.7464509534143667D+01
   9,     BD_COffDiag(09),   3,   0.4874885152122093D+00,   0.7465285688884019D+01
   9,     BD_COffDiag(09),   4,   0.5741531401388242D+00,   0.7464030749275362D+01
   9,     BD_COffDiag(09),   5,   0.6608177650654392D+00,   0.7455793854434557D+01
   9,     BD_COffDiag(09),   6,   0.7474823899920542D+00,   0.7443989236755620D+01
   9,     BD_COffDiag(09),   7,   0.8341470149186692D+00,   0.7437004411534115D+01
   9,     BD_COffDiag(09),   8,   0.9208116398452841D+00,   0.7419677555535357D+01
   9,     BD_COffDiag(09),   9,   0.1007476264771899D+01,   0.7403825568640575D+01
   9,     BD_COffDiag(09),  10,   0.1094140889698514D+01,   0.7386347249713034D+01
   9,     BD_COffDiag(09),  11,   0.1180805514625129D+01,   0.7383379940204505D+01
   9,     BD_COffDiag(09),  12,   0.1267470139551744D+01,   0.7374452138484476D+01
   9,     BD_COffDiag(09),  13,   0.1354134764478359D+01,   0.7365270694851016D+01
   9,     BD_COffDiag(09),  14,   0.1440799389404974D+01,   0.7362539596465472D+01
   9,     BD_COffDiag(09),  15,   0.1527464014331589D+01,   0.7362580635253770D+01
   9,     BD_COffDiag(09),  16,   0.1614128639258204D+01,   0.7365448991907913D+01
   9,     BD_COffDiag(09),  17,   0.1700793264184819D+01,   0.7366056096519369D+01
   9,     BD_COffDiag(09),  18,   0.1787457889111434D+01,   0.7368755581176321D+01
   9,     BD_COffDiag(09),  19,   0.1874122514038049D+01,   0.7374373887907464D+01
   9,     BD_COffDiag(09),  20,   0.1960787138964664D+01,   0.7382379149197036D+01
   9,     BD_COffDiag(09),  21,   0.2047451763891279D+01,   0.7379146785516713D+01
   9,     BD_COffDiag(09),  22,   0.2134116388817894D+01,   0.7439169757075499D+01
   9,     BD_COffDiag(09),  23,   0.2220781013744509D+01,   0.7445445902655045D+01
   9,     BD_COffDiag(09),  24,   0.2307445638671124D+01,   0.7484367480417119D+01
   9,     BD_COffDiag(09),  25,   0.2394110263597740D+01,   0.7522195509099145D+01
   9,     BD_COffDiag(09),  26,   0.2480774888524355D+01,   0.7544744772050558D+01
   9,     BD_COffDiag(09),  27,   0.2567439513450970D+01,   0.7548685711367151D+01
   9,     BD_COffDiag(09),  28,   0.2654104138377585D+01,   0.7580989681261793D+01
   9,     BD_COffDiag(09),  29,   0.2740768763304200D+01,   0.7609400903367670D+01
   9,     BD_COffDiag(09),  30,   0.2827433388230814D+01,   0.7650791460796704D+01
  10,     BD_COffDiag(10),   1,   0.3141592653589793D+00,   0.7404513755663150D+01
  10,     BD_COffDiag(10),   2,   0.4008238902855943D+00,   0.7404525260180976D+01
  10,     BD_COffDiag(10),   3,   0.4874885152122093D+00,   0.7407108492958681D+01
  10,     BD_COffDiag(10),   4,   0.5741531401388242D+00,   0.7406425730801764D+01
  10,     BD_COffDiag(10),   5,   0.6608177650654392D+00,   0.7407010869442973D+01
  10,     BD_COffDiag(10),   6,   0.7474823899920542D+00,   0.7405495498639397D+01
  10,     BD_COffDiag(10),   7,   0.8341470149186692D+00,   0.7407488809163282D+01
  10,     BD_COffDiag(10),   8,   0.9208116398452841D+00,   0.7409969267891753D+01
  10,     BD_COffDiag(10),   9,   0.1007476264771899D+01,   0.7411391973607344D+01
  10,     BD_COffDiag(10),  10,   0.1094140889698514D+01,   0.7408653554796310D+01
  10,     BD_COffDiag(10),  11,   0.1180805514625129D+01,   0.7406042060269044D+01
  10,     BD_COffDiag(10),  12,   0.1267470139551744D+01,   0.7403470141059866D+01
  10,     BD_COffDiag(10),  13,   0.1354134764478359D+01,   0.7402557723406083D+01
  10,     BD_COffDiag(10),  14,   0.1440799389404974D+01,   0.7400681566825298D+01
  10,     BD_COffDiag(10),  15,   0.1527464014331589D+01,   0.7398845081508050D+01
  10,     BD_COffDiag(10),  16,   0.1614128639258204D+01,   0.7397958798933620D+01
  10,     BD_COffDiag(10),  17,   0.1700793264184819D+01,   0.7401207730919024D+01
  10,     BD_COffDiag(10),  18,   0.1787457889111434D+01,   0.7396969119092049D+01
  10,     BD_COffDiag(10),  19,   0.1874122514038049D+01,   0.7394548197558239D+01
  10,     BD_COffDiag(10),  20,   0.1960787138964664D+01,   0.7393838177938646D+01
  10,     BD_COffDiag(10),  21,   0.2047451763891279D+01,   0.7393276749463418D+01
  10,     BD_COffDiag(10),  22,   0.2134116388817894D+01,   0.7393779206210397D+01
  10,     BD_COffDiag(10),  23,   0.2220781013744509D+01,   0.7394593012861329D+01
  10,     BD_COffDiag(10),  24,   0.2307445638671124D+01,   0.7399818577693198D+01
  10,     BD_COffDiag(10),  25,   0.2394110263597740D+01,   0.7395661936447421D+01
  10,     BD_COffDiag(10),  26,   0.2480774888524355D+01,   0.7388197699052744D+01
  10,     BD_COffDiag(10),  27,   0.2567439513450970D+01,   0.7384384500037084D+01
  10,     BD_COffDiag(10),  28,   0.2654104138377585D+01,   0.7382090984204150D+01
  10,     BD_COffDiag(10),  29,   0.2740768763304200D+01,   0.7382646687690472D+01
  10,     BD_COffDiag(10),  30,   0.2827433388230814D+01,   0.7387984436950535D+01
  11,     BD_COffDiag(11),   1,   0.3141592653589793D+00,   0.7368651768433735D+01
  11,     BD_COffDiag(11),   2,   0.4008238902855943D+00,   0.7369122752534384D+01
  11,     BD_COffDiag(11),   3,   0.4874885152122093D+00,   0.7365310693450087D+01
  11,     BD_COffDiag(11),   4,   0.5741531401388242D+00,   0.7363769954240955D+01
  11,     BD_COffDiag(11),   5,   0.6608177650654392D+00,   0.7368302689426690D+01
  11,     BD_COffDiag(11),   6,   0.7474823899920542D+00,   0.7371834602210518D+01
  11,     BD_COffDiag(11),   7,   0.8341470149186692D+00,   0.7374963394959338D+01
  11,     BD_COffDiag(11),   8,   0.9208116398452841D+00,   0.7379563314050683D+01
  11,     BD_COffDiag(11),   9,   0.1007476264771899D+01,   0.7380886053042360D+01
  11,     BD_COffDiag(11),  10,   0.1094140889698514D+01,   0.7383724402809315D+01
  11,     BD_COffDiag(11),  11,   0.1180805514625129D+01,   0.7385682628613909D+01
  11,     BD_COffDiag(11),  12,   0.1267470139551744D+01,   0.7389620572850523D+01
  11,     BD_COffDiag(11),  13,   0.1354134764478359D+01,   0.7391932949117600D+01
  11,     BD_COffDiag(11),  14,   0.1440799389404974D+01,   0.7392826302650271D+01
  11,     BD_COffDiag(11),  15,   0.1527464014331589D+01,   0.7373999553029577D+01
  11,     BD_COffDiag(11),  16,   0.1614128639258204D+01,   0.7384582101035209D+01
  11,     BD_COffDiag(11),  17,   0.1700793264184819D+01,   0.7380516892896493D+01
  11,     BD_COffDiag(11),  18,   0.1787457889111434D+01,   0.7376318819251440D+01
  11,     BD_COffDiag(11),  19,   0.1874122514038049D+01,   0.7377234843555135D+01
  11,     BD_COffDiag(11),  20,   0.1960787138964664D+01,   0.7403788074564789D+01
  11,     BD_COffDiag(11),  21,   0.2047451763891279D+01,   0.7431382709486284D+01
  11,     BD_COffDiag(11),  22,   0.2134116388817894D+01,   0.7445088060489519D+01
  11,     BD_COffDiag(11),  23,   0.2220781013744509D+01,   0.7462644354345928D+01
  11,     BD_COffDiag(11),  24,   0.2307445638671124D+01,   0.7494288478924293D+01
  11,     BD_COffDiag(11),  25,   0.2394110263597740D+01,   0.7516404663615257D+01
  11,     BD_COffDiag(11),  26,   0.2480774888524355D+01,   0.7527663315192252D+01
  11,     BD_COffDiag(11),  27,   0.2567439513450970D+01,   0.7526870876088116D+01
  11,     BD_COffDiag(11),  28,   0.2654104138377585D+01,   0.7542637279113531D+01
  11,     BD_COffDiag(11),  29,   0.2740768763304200D+01,   0.7539496229021832D+01
  11,     BD_COffDiag(11),  30,   0.2827433388230814D+01,   0.7561947168135613D+01
  12,     BD_COffDiag(12),   1,   0.3141592653589793D+00,   0.7427443838671112D+01
  12,     BD_COffDiag(12),   2,   0.4008238902855943D+00,   0.7424677289549415D+01
  12,     BD_COffDiag(12),   3,   0.4874885152122093D+00,   0.7418252805481324D+01
  12,     BD_COffDiag(12),   4,   0.5741531401388242D+00,   0.7411762488139379D+01
  12,     BD_COffDiag(12),   5,   0.6608177650654392D+00,   0.7404766636431314D+01
  12,     BD_COffDiag(12),   6,   0.7474823899920542D+00,   0.7395093401176039D+01
  12,     BD_COffDiag(12),   7,   0.8341470149186692D+00,   0.7385795354632474D+01
  12,     BD_COffDiag(12),   8,   0.9208116398452841D+00,   0.7379946112882946D+01
  12,     BD_COffDiag(12),   9,   0.1007476264771899D+01,   0.7377771720261866D+01
  12,     BD_COffDiag(12),  10,   0.1094140889698514D+01,   0.7377216216388029D+01
  12,     BD_COffDiag(12),  11,   0.1180805514625129D+01,   0.7375675539307065D+01
  12,     BD_COffDiag(12),  12,   0.1267470139551744D+01,   0.7368130345140846D+01
  12,     BD_COffDiag(12),  13,   0.1354134764478359D+01,   0.7366977394259441D+01
  12,     BD_COffDiag(12),  14,   0.1440799389404974D+01,   0.7364989243406148D+01
  12,     BD_COffDiag(12),  15,   0.1527464014331589D+01,   0.7367174271188268D+01
  12,     BD_COffDiag(12),  16,   0.1614128639258204D+01,   0.7365595421650350D+01
  12,     BD_COffDiag(12),  17,   0.1700793264184819D+01,   0.7369229102805661D+01
  12,     BD_COffDiag(12),  18,   0.1787457889111434D+01,   0.7378801224715442D+01
  12,     BD_COffDiag(12),  19,   0.1874122514038049D+01,   0.7383059272704741D+01
  12,     BD_COffDiag(12),  20,   0.1960787138964664D+01,   0.7388501212227377D+01
  12,     BD_COffDiag(12),  21,   0.2047451763891279D+01,   0.7405800046390472D+01
  12,     BD_COffDiag(12),  22,   0.2134116388817894D+01,   0.7429337159951515D+01
  12,     BD_COffDiag(12),  23,   0.2220781013744509D+01,   0.7466353096313656D+01
  12,     BD_COffDiag(12),  24,   0.2307445638671124D+01,   0.7502211472018225D+01
  12,     BD_COffDiag(12),  25,   0.2394110263597740D+01,   0.7530739284410140D+01
  12,     BD_COffDiag(12),  26,   0.2480774888524355D+01,   0.7538867532147599D+01
  12,     BD_COffDiag(12),  27,   0.2567439513450970D+01,   0.7562855067948763D+01
  12,     BD_COffDiag(12),  28,   0.2654104138377585D+01,   0.7608542721414309D+01
  12,     BD_COffDiag(12),  29,   0.2740768763304200D+01,   0.7635531603424119D+01
  12,     BD_COffDiag(12),  30,   0.2827433388230814D+01,   0.7666392166063606D+01
  13,     BD_COffDiag(13),   1,   0.3141592653589793D+00,   0.7371766138243929D+01
  13,     BD_COffDiag(13),   2,   0.4008238902855943D+00,   0.7370944722032514D+01
  13,     BD_COffDiag(13),   3,   0.4874885152122093D+00,   0.7369782230549672D+01
  13,     BD_COffDiag(13),   4,   0.5741531401388242D+00,   0.7369910449578342D+01
  13,     BD_COffDiag(13),   5,   0.6608177650654392D+00,   0.7370179716101606D+01
  13,     BD_COffDiag(13),   6,   0.7474823899920542D+00,   0.7372476462500490D+01
  13,     BD_COffDiag(13),   7,   0.8341470149186692D+00,   0.7370426622416332D+01
  13,     BD_COffDiag(13),   8,   0.9208116398452841D+00,   0.7373854211092310D+01
  13,     BD_COffDiag(13),   9,   0.1007476264771899D+01,   0.7370899867684321D+01
  13,     BD_COffDiag(13),  10,   0.1094140889698514D+01,   0.7372046002897240D+01
  13,     BD_COffDiag(13),  11,   0.1180805514625129D+01,   0.7371490858315585D+01
  13,     BD_COffDiag(13),  12,   0.1267470139551744D+01,   0.7371888404104599D+01
  13,     BD_COffDiag(13),  13,   0.1354134764478359D+01,   0.7372128046571256D+01
  13,     BD_COffDiag(13),  14,   0.1440799389404974D+01,   0.7370544740947916D+01
  13,     BD_COffDiag(13),  15,   0.1527464014331589D+01,   0.7372965745923888D+01
  13,     BD_COffDiag(13),  16,   0.1614128639258204D+01,   0.7373936748249544D+01
  13,     BD_COffDiag(13),  17,   0.1700793264184819D+01,   0.7373396546030301D+01
  13,     BD_COffDiag(13),  18,   0.1787457889111434D+01,   0.7374264574072304D+01
  13,     BD_COffDiag(13),  19,   0.1874122514038049D+01,   0.7376250101690506D+01
  13,     BD_COffDiag(13),  20,   0.1960787138964664D+01,   0.7380179767251891D+01
  13,     BD_COffDiag(13),  21,   0.2047451763891279D+01,   0.7381059898264231D+01
  13,     BD_COffDiag(13),  22,   0.2134116388817894D+01,   0.7381048867275370D+01
  13,     BD_COffDiag(13),  23,   0.2220781013744509D+01,   0.7378967326527246D+01
  13,     BD_COffDiag(13),  24,   0.2307445638671124D+01,   0.7389061986714010D+01
  13,     BD_COffDiag(13),  25,   0.2394110263597740D+01,   0.7398315431597209D+01
  13,     BD_COffDiag(13),  26,   0.2480774888524355D+01,   0.7413126528221288D+01
  13,     BD_COffDiag(13),  27,   0.2567439513450970D+01,   0.7431657709880191D+01
  13,     BD_COffDiag(13),  28,   0.2654104138377585D+01,   0.7449184719392800D+01
  13,     BD_COffDiag(13),  29,   0.2740768763304200D+01,   0.7463860551180940D+01
  13,     BD_COffDiag(13),  30,   0.2827433388230814D+01,   0.7476493416613361D+01
  14,     BD_COffDiag(14),   1,   0.3141592653589793D+00,   0.7373736761173769D+01
  14,     BD_COffDiag(14),   2,   0.4008238902855943D+00,   0.7373896851899326D+01
  14,     BD_COffDiag(14),   3,   0.4874885152122093D+00,   0.7373899562142666D+01
  14,     BD_COffDiag(14),   4,   0.5741531401388242D+00,   0.7373893336105764D+01
  14,     BD_COffDiag(14),   5,   0.6608177650654392D+00,   0.7373768580862236D+01
  14,     BD_COffDiag(14),   6,   0.7474823899920542D+00,   0.7373930670625190D+01
  14,     BD_COffDiag(14),   7,   0.8341470149186692D+00,   0.7373969788395221D+01
  14,     BD_COffDiag(14),   8,   0.9208116398452841D+00,   0.7373969610024409D+01
  14,     BD_COffDiag(14),   9,   0.1007476264771899D+01,   0.7373994285845063D+01
  14,     BD_COffDiag(14),  10,   0.1094140889698514D+01,   0.7374081506477471D+01
  14,     BD_COffDiag(14),  11,   0.1180805514625129D+01,   0.7374070309891857D+01
  14,     BD_COffDiag(14),  12,   0.1267470139551744D+01,   0.7374063601311851D+01
  14,     BD_COffDiag(14),  13,   0.1354134764478359D+01,   0.7374024187539148D+01
  14,     BD_COffDiag(14),  14,   0.1440799389404974D+01,   0.7373886296363224D+01
  14,     BD_COffDiag(14),  15,   0.1527464014331589D+01,   0.7373773816861224D+01
  14,     BD_COffDiag(14),  16,   0.1614128639258204D+01,   0.7373805462315763D+01
  14,     BD_COffDiag(14),  17,   0.1700793264184819D+01,   0.7373469995162696D+01
  14,     BD_COffDiag(14),  18,   0.1787457889111434D+01,   0.7373448795303460D+01
  14,     BD_COffDiag(14),  19,   0.1874122514038049D+01,   0.7373170015304067D+01
  14,     BD_COffDiag(14),  20,   0.1960787138964664D+01,   0.7373069496264169D+01
  14,     BD_COffDiag(14),  21,   0.2047451763891279D+01,   0.7371549064198672D+01
  14,     BD_COffDiag(14),  22,   0.2134116388817894D+01,   0.7371128694529788D+01
  14,     BD_COffDiag(14),  23,   0.2220781013744509D+01,   0.7370822841559789D+01
  14,     BD_COffDiag(14),  24,   0.2307445638671124D+01,   0.7370453880030507D+01
  14,     BD_COffDiag(14),  25,   0.2394110263597740D+01,   0.7370305705931880D+01
  14,     BD_COffDiag(14),  26,   0.2480774888524355D+01,   0.7369512891869252D+01
  14,     BD_COffDiag(14),  27,   0.2567439513450970D+01,   0.7369226655513622D+01
  14,     BD_COffDiag(14),  28,   0.2654104138377585D+01,   0.7369210999940029D+01
  14,     BD_COffDiag(14),  29,   0.2740768763304200D+01,   0.7369371241950279D+01
  14,     BD_COffDiag(14),  30,   0.2827433388230814D+01,   0.7369693840206955D+01
  15,     BD_COffDiag(15),   1,   0.3141592653589793D+00,   0.7396985394061916D+01
  15,     BD_COffDiag(15),   2,   0.4008238902855943D+00,   0.7397979032813391D+01
  15,     BD_COffDiag(15),   3,   0.4874885152122093D+00,   0.7399963948976114D+01
  15,     BD_COffDiag(15),   4,   0.5741531401388242D+00,   0.7385133776166294D+01
  15,     BD_COffDiag(15),   5,   0.6608177650654392D+00,   0.7384431893113867D+01
  15,     BD_COffDiag(15),   6,   0.7474823899920542D+00,   0.7384559713330396D+01
  15,     BD_COffDiag(15),   7,   0.8341470149186692D+00,   0.7382490977933525D+01
  15,     BD_COffDiag(15),   8,   0.9208116398452841D+00,   0.7375856001920714D+01
  15,     BD_COffDiag(15),   9,   0.1007476264771899D+01,   0.7373444324938424D+01
  15,     BD_COffDiag(15),  10,   0.1094140889698514D+01,   0.7373824444004295D+01
  15,     BD_COffDiag(15),  11,   0.1180805514625129D+01,   0.7379306079041049D+01
  15,     BD_COffDiag(15),  12,   0.1267470139551744D+01,   0.7381032760991519D+01
  15,     BD_COffDiag(15),  13,   0.1354134764478359D+01,   0.7377203780366139D+01
  15,     BD_COffDiag(15),  14,   0.1440799389404974D+01,   0.7376858374751434D+01
  15,     BD_COffDiag(15),  15,   0.1527464014331589D+01,   0.7379589393161550D+01
  15,     BD_COffDiag(15),  16,   0.1614128639258204D+01,   0.7383725033524597D+01
  15,     BD_COffDiag(15),  17,   0.1700793264184819D+01,   0.7386790356894063D+01
  15,     BD_COffDiag(15),  18,   0.1787457889111434D+01,   0.7388491571409603D+01
  15,     BD_COffDiag(15),  19,   0.1874122514038049D+01,   0.7390693204365947D+01
  15,     BD_COffDiag(15),  20,   0.1960787138964664D+01,   0.7392429577754067D+01
  15,     BD_COffDiag(15),  21,   0.2047451763891279D+01,   0.7393257928869494D+01
  15,     BD_COffDiag(15),  22,   0.2134116388817894D+01,   0.7389210696694978D+01
  15,     BD_COffDiag(15),  23,   0.2220781013744509D+01,   0.7393197170983846D+01
  15,     BD_COffDiag(15),  24,   0.2307445638671124D+01,   0.7393136294629482D+01
  15,     BD_COffDiag(15),  25,   0.2394110263597740D+01,   0.7386276642563653D+01
  15,     BD_COffDiag(15),  26,   0.2480774888524355D+01,   0.7403223506532227D+01
  15,     BD_COffDiag(15),  27,   0.2567439513450970D+01,   0.7413141814141643D+01
  15,     BD_COffDiag(15),  28,   0.2654104138377585D+01,   0.7425326322747528D+01
  15,     BD_COffDiag(15),  29,   0.2740768763304200D+01,   0.7424884890095070D+01
  15,     BD_COffDiag(15),  30,   0.2827433388230814D+01,   0.7422740046547990D+01
  16,     BD_COffDiag(16),   1,   0.3141592653589793D+00,   0.7500445129141183D+01
  16,     BD_COffDiag(16),   2,   0.4008238902855943D+00,   0.7502197632623854D+01
  16,     BD_COffDiag(16),   3,   0.4874885152122093D+00,   0.7506765819273470D+01
  16,     BD_COffDiag(16),   4,   0.5741531401388242D+00,   0.7490113836489178D+01
  16,     BD_COffDiag(16),   5,   0.6608177650654392D+00,   0.7490406662229145D+01
  16,     BD_COffDiag(16),   6,   0.7474823899920542D+00,   0.7469256974497412D+01
  16,     BD_COffDiag(16),   7,   0.8341470149186692D+00,   0.7475044824055590D+01
  16,     BD_COffDiag(16),   8,   0.9208116398452841D+00,   0.7478091109533761D+01
  16,     BD_COffDiag(16),   9,   0.1007476264771899D+01,   0.7473986683782732D+01
  16,     BD_COffDiag(16),  10,   0.1094140889698514D+01,   0.7473498381738604D+01
  16,     BD_COffDiag(16),  11,   0.1180805514625129D+01,   0.7467415987419233D+01
  16,     BD_COffDiag(16),  12,   0.1267470139551744D+01,   0.7463885112675925D+01
  16,     BD_COffDiag(16),  13,   0.1354134764478359D+01,   0.7464387598810042D+01
  16,     BD_COffDiag(16),  14,   0.1440799389404974D+01,   0.7464019916984617D+01
  16,     BD_COffDiag(16),  15,   0.1527464014331589D+01,   0.7469224959601815D+01
  16,     BD_COffDiag(16),  16,   0.1614128639258204D+01,   0.7467652533136063D+01
  16,     BD_COffDiag(16),  17,   0.1700793264184819D+01,   0.7463369838159236D+01
  16,     BD_COffDiag(16),  18,   0.1787457889111434D+01,   0.7467071231892168D+01
  16,     BD_COffDiag(16),  19,   0.1874122514038049D+01,   0.7445824059591541D+01
  16,     BD_COffDiag(16),  20,   0.1960787138964664D+01,   0.7442764974607372D+01
  16,     BD_COffDiag(16),  21,   0.2047451763891279D+01,   0.7432277521413026D+01
  16,     BD_COffDiag(16),  22,   0.2134116388817894D+01,   0.7422519418804397D+01
  16,     BD_COffDiag(16),  23,   0.2220781013744509D+01,   0.7416814291646516D+01
  16,     BD_COffDiag(16),  24,   0.2307445638671124D+01,   0.7398962264756536D+01
  16,     BD_COffDiag(16),  25,   0.2394110263597740D+01,   0.7390506495986548D+01
  16,     BD_COffDiag(16),  26,   0.2480774888524355D+01,   0.7378387372950606D+01
  16,     BD_COffDiag(16),  27,   0.2567439513450970D+01,   0.7375942638587264D+01
  16,     BD_COffDiag(16),  28,   0.2654104138377585D+01,   0.7375881262155072D+01
  16,     BD_COffDiag(16),  29,   0.2740768763304200D+01,   0.7375730994711470D+01
  16,     BD_COffDiag(16),  30,   0.2827433388230814D+01,   0.7399084998651655D+01
  17,     BD_COffDiag(17),   1,   0.3141592653589793D+00,   0.7433929657824962D+01
  17,     BD_COffDiag(17),   2,   0.4008238902855943D+00,   0.7432875978915536D+01
  17,     BD_COffDiag(17),   3,   0.4874885152122093D+00,   0.7436260685294042D+01
  17,     BD_COffDiag(17),   4,   0.5741531401388242D+00,   0.7431619055060589D+01
  17,     BD_COffDiag(17),   5,   0.6608177650654392D+00,   0.7432558340961170D+01
  17,     BD_COffDiag(17),   6,   0.7474823899920542D+00,   0.7433565396316197D+01
  17,     BD_COffDiag(17),   7,   0.8341470149186692D+00,   0.7430174776268409D+01
  17,     BD_COffDiag(17),   8,   0.9208116398452841D+00,   0.7431083547602577D+01
  17,     BD_COffDiag(17),   9,   0.1007476264771899D+01,   0.7432791019376352D+01
  17,     BD_COffDiag(17),  10,   0.1094140889698514D+01,   0.7429833092136866D+01
  17,     BD_COffDiag(17),  11,   0.1180805514625129D+01,   0.7431309524094289D+01
  17,     BD_COffDiag(17),  12,   0.1267470139551744D+01,   0.7447163578532973D+01
  17,     BD_COffDiag(17),  13,   0.1354134764478359D+01,   0.7451783479122844D+01
  17,     BD_COffDiag(17),  14,   0.1440799389404974D+01,   0.7448204282782176D+01
  17,     BD_COffDiag(17),  15,   0.1527464014331589D+01,   0.7445370576658625D+01
  17,     BD_COffDiag(17),  16,   0.1614128639258204D+01,   0.7443996482687678D+01
  17,     BD_COffDiag(17),  17,   0.1700793264184819D+01,   0.7440904552215283D+01
  17,     BD_COffDiag(17),  18,   0.1787457889111434D+01,   0.7442120908683425D+01
  17,     BD_COffDiag(17),  19,   0.1874122514038049D+01,   0.7447386716251160D+01
  17,     BD_COffDiag(17),  20,   0.1960787138964664D+01,   0.7437446365900783D+01
  17,     BD_COffDiag(17),  21,   0.2047451763891279D+01,   0.7432446067889124D+01
  17,     BD_COffDiag(17),  22,   0.2134116388817894D+01,   0.7432755776461774D+01
  17,     BD_COffDiag(17),  23,   0.2220781013744509D+01,   0.7460872928421852D+01
  17,     BD_COffDiag(17),  24,   0.2307445638671124D+01,   0.7435387974743832D+01
  17,     BD_COffDiag(17),  25,   0.2394110263597740D+01,   0.7425917232947279D+01
  17,     BD_COffDiag(17),  26,   0.2480774888524355D+01,   0.7413941929126409D+01
  17,     BD_COffDiag(17),  27,   0.2567439513450970D+01,   0.7415557615997557D+01
  17,     BD_COffDiag(17),  28,   0.2654104138377585D+01,   0.7414689878633689D+01
  17,     BD_COffDiag(17),  29,   0.2740768763304200D+01,   0.7414171012640159D+01
  17,     BD_COffDiag(17),  30,   0.2827433388230814D+01,   0.7391996314042653D+01
  18,     BD_COffDiag(18),   1,   0.3141592653589793D+00,   0.7395255189403988D+01
  18,     BD_COffDiag(18),   2,   0.4008238902855943D+00,   0.7392541486041345D+01
  18,     BD_COffDiag(18),   3,   0.4874885152122093D+00,   0.7390916984746078D+01
  18,     BD_COffDiag(18),   4,   0.5741531401388242D+00,   0.7388441238402275D+01
  18,     BD_COffDiag(18),   5,   0.6608177650654392D+00,   0.7392520970580788D+01
  18,     BD_COffDiag(18),   6,   0.7474823899920542D+00,   0.7390701692743638D+01
  18,     BD_COffDiag(18),   7,   0.8341470149186692D+00,   0.7381872697084927D+01
  18,     BD_COffDiag(18),   8,   0.9208116398452841D+00,   0.7375005519073715D+01
  18,     BD_COffDiag(18),   9,   0.1007476264771899D+01,   0.7371589583342485D+01
  18,     BD_COffDiag(18),  10,   0.1094140889698514D+01,   0.7371146323468479D+01
  18,     BD_COffDiag(18),  11,   0.1180805514625129D+01,   0.7370166137991903D+01
  18,     BD_COffDiag(18),  12,   0.1267470139551744D+01,   0.7374071292152900D+01
  18,     BD_COffDiag(18),  13,   0.1354134764478359D+01,   0.7374874808010631D+01
  18,     BD_COffDiag(18),  14,   0.1440799389404974D+01,   0.7375413208564201D+01
  18,     BD_COffDiag(18),  15,   0.1527464014331589D+01,   0.7374224991726677D+01
  18,     BD_COffDiag(18),  16,   0.1614128639258204D+01,   0.7374164899956099D+01
  18,     BD_COffDiag(18),  17,   0.1700793264184819D+01,   0.7371744393906363D+01
  18,     BD_COffDiag(18),  18,   0.1787457889111434D+01,   0.7368602043204529D+01
  18,     BD_COffDiag(18),  19,   0.1874122514038049D+01,   0.7368876769363972D+01
  18,     BD_COffDiag(18),  20,   0.1960787138964664D+01,   0.7367801132541715D+01
  18,     BD_COffDiag(18),  21,   0.2047451763891279D+01,   0.7374721198953005D+01
  18,     BD_COffDiag(18),  22,   0.2134116388817894D+01,   0.7372520678083658D+01
  18,     BD_COffDiag(18),  23,   0.2220781013744509D+01,   0.7374877477145391D+01
  18,     BD_COffDiag(18),  24,   0.2307445638671124D+01,   0.7371584676395234D+01
  18,     BD_COffDiag(18),  25,   0.2394110263597740D+01,   0.7385248343014387D+01
  18,     BD_COffDiag(18),  26,   0.2480774888524355D+01,   0.7396492002417848D+01
  18,     BD_COffDiag(18),  27,   0.2567439513450970D+01,   0.7417362254236736D+01
  18,     BD_COffDiag(18),  28,   0.2654104138377585D+01,   0.7454927405088944D+01
  18,     BD_COffDiag(18),  29,   0.2740768763304200D+01,   0.7472062936873698D+01
  18,     BD_COffDiag(18),  30,   0.2827433388230814D+01,   0.7497350913739670D+01
  19,     BD_COffDiag(19),   1,   0.3141592653589793D+00,   0.7400004326281830D+01
  19,     BD_COffDiag(19),   2,   0.4008238902855943D+00,   0.7402592741029613D+01
  19,     BD_COffDiag(19),   3,   0.4874885152122093D+00,   0.7400700816700745D+01
  19,     BD_COffDiag(19),   4,   0.5741531401388242D+00,   0.7399548893637729D+01
  19,     BD_COffDiag(19),   5,   0.6608177650654392D+00,   0.7399749012881434D+01
  19,     BD_COffDiag(19),   6,   0.7474823899920542D+00,   0.7400865122132920D+01
  19,     BD_COffDiag(19),   7,   0.8341470149186692D+00,   0.7400977756331598D+01
  19,     BD_COffDiag(19),   8,   0.9208116398452841D+00,   0.7399374208834888D+01
  19,     BD_COffDiag(19),   9,   0.1007476264771899D+01,   0.7399309006468420D+01
  19,     BD_COffDiag(19),  10,   0.1094140889698514D+01,   0.7399003937011769D+01
  19,     BD_COffDiag(19),  11,   0.1180805514625129D+01,   0.7398830790668311D+01
  19,     BD_COffDiag(19),  12,   0.1267470139551744D+01,   0.7398395563975098D+01
  19,     BD_COffDiag(19),  13,   0.1354134764478359D+01,   0.7398888048432896D+01
  19,     BD_COffDiag(19),  14,   0.1440799389404974D+01,   0.7397347525539756D+01
  19,     BD_COffDiag(19),  15,   0.1527464014331589D+01,   0.7394196412638423D+01
  19,     BD_COffDiag(19),  16,   0.1614128639258204D+01,   0.7388618909138685D+01
  19,     BD_COffDiag(19),  17,   0.1700793264184819D+01,   0.7384891266701777D+01
  19,     BD_COffDiag(19),  18,   0.1787457889111434D+01,   0.7384460748239336D+01
  19,     BD_COffDiag(19),  19,   0.1874122514038049D+01,   0.7384381064833431D+01
  19,     BD_COffDiag(19),  20,   0.1960787138964664D+01,   0.7384163441073078D+01
  19,     BD_COffDiag(19),  21,   0.2047451763891279D+01,   0.7384015468781617D+01
  19,     BD_COffDiag(19),  22,   0.2134116388817894D+01,   0.7381556838628239D+01
  19,     BD_COffDiag(19),  23,   0.2220781013744509D+01,   0.7380288578278347D+01
  19,     BD_COffDiag(19),  24,   0.2307445638671124D+01,   0.7379613429733662D+01
  19,     BD_COffDiag(19),  25,   0.2394110263597740D+01,   0.7377497767491119D+01
  19,     BD_COffDiag(19),  26,   0.2480774888524355D+01,   0.7376763909865311D+01
  19,     BD_COffDiag(19),  27,   0.2567439513450970D+01,   0.7376189535300754D+01
  19,     BD_COffDiag(19),  28,   0.2654104138377585D+01,   0.7376157243704472D+01
  19,     BD_COffDiag(19),  29,   0.2740768763304200D+01,   0.7375225899565400D+01
  19,     BD_COffDiag(19),  30,   0.2827433388230814D+01,   0.7370020260419056D+01
  20,     BD_COffDiag(20),   1,   0.3141592653589793D+00,   0.7394879732239985D+01
  20,     BD_COffDiag(20),   2,   0.4008238902855943D+00,   0.7394602243298839D+01
  20,     BD_COffDiag(20),   3,   0.4874885152122093D+00,   0.7401661284716611D+01
  20,     BD_COffDiag(20),   4,   0.5741531401388242D+00,   0.7407010416144291D+01
  20,     BD_COffDiag(20),   5,   0.6608177650654392D+00,   0.7426601689618350D+01
  20,     BD_COffDiag(20),   6,   0.7474823899920542D+00,   0.7440771735855663D+01
  20,     BD_COffDiag(20),   7,   0.8341470149186692D+00,   0.7445131377159025D+01
  20,     BD_COffDiag(20),   8,   0.9208116398452841D+00,   0.7455977911658161D+01
  20,     BD_COffDiag(20),   9,   0.1007476264771899D+01,   0.7461626976906091D+01
  20,     BD_COffDiag(20),  10,   0.1094140889698514D+01,   0.7464453864730807D+01
  20,     BD_COffDiag(20),  11,   0.1180805514625129D+01,   0.7459896999740426D+01
  20,     BD_COffDiag(20),  12,   0.1267470139551744D+01,   0.7460079043603479D+01
  20,     BD_COffDiag(20),  13,   0.1354134764478359D+01,   0.7461240847750068D+01
  20,     BD_COffDiag(20),  14,   0.1440799389404974D+01,   0.7463490149538144D+01
  20,     BD_COffDiag(20),  15,   0.1527464014331589D+01,   0.7473138809045327D+01
  20,     BD_COffDiag(20),  16,   0.1614128639258204D+01,   0.7474961215077344D+01
  20,     BD_COffDiag(20),  17,   0.1700793264184819D+01,   0.7479607376325562D+01
  20,     BD_COffDiag(20),  18,   0.1787457889111434D+01,   0.7478465024577930D+01
  20,     BD_COffDiag(20),  19,   0.1874122514038049D+01,   0.7475751707072330D+01
  20,     BD_COffDiag(20),  20,   0.1960787138964664D+01,   0.7477604588637950D+01
  20,     BD_COffDiag(20),  21,   0.2047451763891279D+01,   0.7472158411129090D+01
  20,     BD_COffDiag(20),  22,   0.2134116388817894D+01,   0.7474234372324695D+01
  20,     BD_COffDiag(20),  23,   0.2220781013744509D+01,   0.7489653907644619D+01
  20,     BD_COffDiag(20),  24,   0.2307445638671124D+01,   0.7511457211972837D+01
  20,     BD_COffDiag(20),  25,   0.2394110263597740D+01,   0.7527855571177878D+01
  20,     BD_COffDiag(20),  26,   0.2480774888524355D+01,   0.7535487553247942D+01
  20,     BD_COffDiag(20),  27,   0.2567439513450970D+01,   0.7556107189425747D+01
  20,     BD_COffDiag(20),  28,   0.2654104138377585D+01,   0.7562438937163817D+01
  20,     BD_COffDiag(20),  29,   0.2740768763304200D+01,   0.7578556693785250D+01
  20,     BD_COffDiag(20),  30,   0.2827433388230814D+01,   0.7594570503130557D+01
  21,     BD_COffDiag(21),   1,   0.3141592653589793D+00,   0.7379439808192390D+01
  21,     BD_COffDiag(21),   2,   0.4008238902855943D+00,   0.7386981737377397D+01
  21,     BD_COffDiag(21),   3,   0.4874885152122093D+00,   0.7387283345546954D+01
  21,     BD_COffDiag(21),   4,   0.5741531401388242D+00,   0.7386070842428593D+01
  21,     BD_COffDiag(21),   5,   0.6608177650654392D+00,   0.7398517907092024D+01
  21,     BD_COffDiag(21),   6,   0.7474823899920542D+00,   0.7396699910479361D+01
  21,     BD_COffDiag(21),   7,   0.8341470149186692D+00,   0.7397746193025252D+01
  21,     BD_COffDiag(21),   8,   0.9208116398452841D+00,   0.7400044204802693D+01
  21,     BD_COffDiag(21),   9,   0.1007476264771899D+01,   0.7393163981088349D+01
  21,     BD_COffDiag(21),  10,   0.1094140889698514D+01,   0.7407887628599298D+01
  21,     BD_COffDiag(21),  11,   0.1180805514625129D+01,   0.7413706429169276D+01
  21,     BD_COffDiag(21),  12,   0.1267470139551744D+01,   0.7406222023283284D+01
  21,     BD_COffDiag(21),  13,   0.1354134764478359D+01,   0.7390424698589301D+01
  21,     BD_COffDiag(21),  14,   0.1440799389404974D+01,   0.7378334882155963D+01
  21,     BD_COffDiag(21),  15,   0.1527464014331589D+01,   0.7377397967436124D+01
  21,     BD_COffDiag(21),  16,   0.1614128639258204D+01,   0.7376717272241621D+01
  21,     BD_COffDiag(21),  17,   0.1700793264184819D+01,   0.7390233674377661D+01
  21,     BD_COffDiag(21),  18,   0.1787457889111434D+01,   0.7396696170959539D+01
  21,     BD_COffDiag(21),  19,   0.1874122514038049D+01,   0.7408096516028956D+01
  21,     BD_COffDiag(21),  20,   0.1960787138964664D+01,   0.7419315760477296D+01
  21,     BD_COffDiag(21),  21,   0.2047451763891279D+01,   0.7431926739605494D+01
  21,     BD_COffDiag(21),  22,   0.2134116388817894D+01,   0.7450324779227569D+01
  21,     BD_COffDiag(21),  23,   0.2220781013744509D+01,   0.7471498651992594D+01
  21,     BD_COffDiag(21),  24,   0.2307445638671124D+01,   0.7482484766755760D+01
  21,     BD_COffDiag(21),  25,   0.2394110263597740D+01,   0.7499346037258683D+01
  21,     BD_COffDiag(21),  26,   0.2480774888524355D+01,   0.7498462611012698D+01
  21,     BD_COffDiag(21),  27,   0.2567439513450970D+01,   0.7513302809388694D+01
  21,     BD_COffDiag(21),  28,   0.2654104138377585D+01,   0.7519536980085233D+01
  21,     BD_COffDiag(21),  29,   0.2740768763304200D+01,   0.7535043885541883D+01
  21,     BD_COffDiag(21),  30,   0.2827433388230814D+01,   0.7551828539382696D+01
  22,     BD_COffDiag(22),   1,   0.3141592653589793D+00,   0.7377154465660481D+01
  22,     BD_COffDiag(22),   2,   0.4008238902855943D+00,   0.7404643817084522D+01
  22,     BD_COffDiag(22),   3,   0.4874885152122093D+00,   0.7440566355145541D+01
  22,     BD_COffDiag(22),   4,   0.5741531401388242D+00,   0.7461889626406681D+01
  22,     BD_COffDiag(22),   5,   0.6608177650654392D+00,   0.7491290339853176D+01
  22,     BD_COffDiag(22),   6,   0.7474823899920542D+00,   0.7508761035959807D+01
  22,     BD_COffDiag(22),   7,   0.8341470149186692D+00,   0.7530759989511695D+01
  22,     BD_COffDiag(22),   8,   0.9208116398452841D+00,   0.7562734790943397D+01
  22,     BD_COffDiag(22),   9,   0.1007476264771899D+01,   0.7593373265785160D+01
  22,     BD_COffDiag(22),  10,   0.1094140889698514D+01,   0.7615718471315786D+01
  22,     BD_COffDiag(22),  11,   0.1180805514625129D+01,   0.7627320173045739D+01
  22,     BD_COffDiag(22),  12,   0.1267470139551744D+01,   0.7637249380746890D+01
  22,     BD_COffDiag(22),  13,   0.1354134764478359D+01,   0.7648559761113295D+01
  22,     BD_COffDiag(22),  14,   0.1440799389404974D+01,   0.7649727848942715D+01
  22,     BD_COffDiag(22),  15,   0.1527464014331589D+01,   0.7649520116154481D+01
  22,     BD_COffDiag(22),  16,   0.1614128639258204D+01,   0.7651730553238258D+01
  22,     BD_COffDiag(22),  17,   0.1700793264184819D+01,   0.7653191115134203D+01
  22,     BD_COffDiag(22),  18,   0.1787457889111434D+01,   0.7658661336409509D+01
  22,     BD_COffDiag(22),  19,   0.1874122514038049D+01,   0.7662614410426558D+01
  22,     BD_COffDiag(22),  20,   0.1960787138964664D+01,   0.7669712714023575D+01
  22,     BD_COffDiag(22),  21,   0.2047451763891279D+01,   0.7675471663808497D+01
  22,     BD_COffDiag(22),  22,   0.2134116388817894D+01,   0.7659277402358161D+01
  22,     BD_COffDiag(22),  23,   0.2220781013744509D+01,   0.7691691575554226D+01
  22,     BD_COffDiag(22),  24,   0.2307445638671124D+01,   0.7714982177792349D+01
  22,     BD_COffDiag(22),  25,   0.2394110263597740D+01,   0.7745529362922271D+01
  22,     BD_COffDiag(22),  26,   0.2480774888524355D+01,   0.7801760189216496D+01
  22,     BD_COffDiag(22),  27,   0.2567439513450970D+01,   0.7869269691723762D+01
  22,     BD_COffDiag(22),  28,   0.2654104138377585D+01,   0.7858314514321493D+01
  22,     BD_COffDiag(22),  29,   0.2740768763304200D+01,   0.7889162757401497D+01
  22,     BD_COffDiag(22),  30,   0.2827433388230814D+01,   0.7913805350551931D+01
  23,     BD_COffDiag(23),   1,   0.3141592653589793D+00,   0.7404119632032768D+01
  23,     BD_COffDiag(23),   2,   0.4008238902855943D+00,   0.7392236988102273D+01
  23,     BD_COffDiag(23),   3,   0.4874885152122093D+00,   0.7397632678688818D+01
  23,     BD_COffDiag(23),   4,   0.5741531401388242D+00,   0.7385699449165775D+01
  23,     BD_COffDiag(23),   5,   0.6608177650654392D+00,   0.7391852538377671D+01
  23,     BD_COffDiag(23),   6,   0.7474823899920542D+00,   0.7401258905922927D+01
  23,     BD_COffDiag(23),   7,   0.8341470149186692D+00,   0.7398286784797823D+01
  23,     BD_COffDiag(23),   8,   0.9208116398452841D+00,   0.7397015895362690D+01
  23,     BD_COffDiag(23),   9,   0.1007476264771899D+01,   0.7405800987120696D+01
  23,     BD_COffDiag(23),  10,   0.1094140889698514D+01,   0.7408060395727696D+01
  23,     BD_COffDiag(23),  11,   0.1180805514625129D+01,   0.7405325409902941D+01
  23,     BD_COffDiag(23),  12,   0.1267470139551744D+01,   0.7402587963309160D+01
  23,     BD_COffDiag(23),  13,   0.1354134764478359D+01,   0.7405106199443088D+01
  23,     BD_COffDiag(23),  14,   0.1440799389404974D+01,   0.7399408727523928D+01
  23,     BD_COffDiag(23),  15,   0.1527464014331589D+01,   0.7397024453738788D+01
  23,     BD_COffDiag(23),  16,   0.1614128639258204D+01,   0.7400007278540228D+01
  23,     BD_COffDiag(23),  17,   0.1700793264184819D+01,   0.7390538036564152D+01
  23,     BD_COffDiag(23),  18,   0.1787457889111434D+01,   0.7387349567558913D+01
  23,     BD_COffDiag(23),  19,   0.1874122514038049D+01,   0.7378418742596386D+01
  23,     BD_COffDiag(23),  20,   0.1960787138964664D+01,   0.7375876509231765D+01
  23,     BD_COffDiag(23),  21,   0.2047451763891279D+01,   0.7373276758811277D+01
  23,     BD_COffDiag(23),  22,   0.2134116388817894D+01,   0.7369676930095489D+01
  23,     BD_COffDiag(23),  23,   0.2220781013744509D+01,   0.7367227679011584D+01
  23,     BD_COffDiag(23),  24,   0.2307445638671124D+01,   0.7369365126225323D+01
  23,     BD_COffDiag(23),  25,   0.2394110263597740D+01,   0.7365946965007165D+01
  23,     BD_COffDiag(23),  26,   0.2480774888524355D+01,   0.7385240159743716D+01
  23,     BD_COffDiag(23),  27,   0.2567439513450970D+01,   0.7408316096292668D+01
  23,     BD_COffDiag(23),  28,   0.2654104138377585D+01,   0.7456611680313021D+01
  23,     BD_COffDiag(23),  29,   0.2740768763304200D+01,   0.7492260379685045D+01
  23,     BD_COffDiag(23),  30,   0.2827433388230814D+01,   0.7507135163271110D+01
  24,     BD_COffDiag(24),   1,   0.3141592653589793D+00,   0.7363878888002899D+01
  24,     BD_COffDiag(24),   2,   0.4008238902855943D+00,   0.7359473023627538D+01
  24,     BD_COffDiag(24),   3,   0.4874885152122093D+00,   0.7356829371527971D+01
  24,     BD_COffDiag(24),   4,   0.5741531401388242D+00,   0.7362706082391705D+01
  24,     BD_COffDiag(24),   5,   0.6608177650654392D+00,   0.7358193872763591D+01
  24,     BD_COffDiag(24),   6,   0.7474823899920542D+00,   0.7358583809401914D+01
  24,     BD_COffDiag(24),   7,   0.8341470149186692D+00,   0.7361456807112453D+01
  24,     BD_COffDiag(24),   8,   0.9208116398452841D+00,   0.7368213131466304D+01
  24,     BD_COffDiag(24),   9,   0.1007476264771899D+01,   0.7371585924735817D+01
  24,     BD_COffDiag(24),  10,   0.1094140889698514D+01,   0.7377481651689085D+01
  24,     BD_COffDiag(24),  11,   0.1180805514625129D+01,   0.7373848910459195D+01
  24,     BD_COffDiag(24),  12,   0.1267470139551744D+01,   0.7373627825733381D+01
  24,     BD_COffDiag(24),  13,   0.1354134764478359D+01,   0.7375110481162208D+01
  24,     BD_COffDiag(24),  14,   0.1440799389404974D+01,   0.7380184478987784D+01
  24,     BD_COffDiag(24),  15,   0.1527464014331589D+01,   0.7383191883490976D+01
  24,     BD_COffDiag(24),  16,   0.1614128639258204D+01,   0.7382198491097660D+01
  24,     BD_COffDiag(24),  17,   0.1700793264184819D+01,   0.7376934624184750D+01
  24,     BD_COffDiag(24),  18,   0.1787457889111434D+01,   0.7374992898997623D+01
  24,     BD_COffDiag(24),  19,   0.1874122514038049D+01,   0.7369351853504816D+01
  24,     BD_COffDiag(24),  20,   0.1960787138964664D+01,   0.7365881773124831D+01
  24,     BD_COffDiag(24),  21,   0.2047451763891279D+01,   0.7363627685031256D+01
  24,     BD_COffDiag(24),  22,   0.2134116388817894D+01,   0.7365090675663210D+01
  24,     BD_COffDiag(24),  23,   0.2220781013744509D+01,   0.7373146046215115D+01
  24,     BD_COffDiag(24),  24,   0.2307445638671124D+01,   0.7372468713421982D+01
  24,     BD_COffDiag(24),  25,   0.2394110263597740D+01,   0.7378698137610332D+01
  24,     BD_COffDiag(24),  26,   0.2480774888524355D+01,   0.7384011119747806D+01
  24,     BD_COffDiag(24),  27,   0.2567439513450970D+01,   0.7412934953846684D+01
  24,     BD_COffDiag(24),  28,   0.2654104138377585D+01,   0.7441123423516235D+01
  24,     BD_COffDiag(24),  29,   0.2740768763304200D+01,   0.7455019011479008D+01
  24,     BD_COffDiag(24),  30,   0.2827433388230814D+01,   0.7491885417112750D+01
  25,     BD_COffDiag(25),   1,   0.3141592653589793D+00,   0.7369563495457363D+01
  25,     BD_COffDiag(25),   2,   0.4008238902855943D+00,   0.7369325148221090D+01
  25,     BD_COffDiag(25),   3,   0.4874885152122093D+00,   0.7369275611603405D+01
  25,     BD_COffDiag(25),   4,   0.5741531401388242D+00,   0.7369523828668508D+01
  25,     BD_COffDiag(25),   5,   0.6608177650654392D+00,   0.7369033097883328D+01
  25,     BD_COffDiag(25),   6,   0.7474823899920542D+00,   0.7369452937715515D+01
  25,     BD_COffDiag(25),   7,   0.8341470149186692D+00,   0.7369650092981798D+01
  25,     BD_COffDiag(25),   8,   0.9208116398452841D+00,   0.7369809225010537D+01
  25,     BD_COffDiag(25),   9,   0.1007476264771899D+01,   0.7369633098551033D+01
  25,     BD_COffDiag(25),  10,   0.1094140889698514D+01,   0.7370162015228941D+01
  25,     BD_COffDiag(25),  11,   0.1180805514625129D+01,   0.7369398438660792D+01
  25,     BD_COffDiag(25),  12,   0.1267470139551744D+01,   0.7369775612472955D+01
  25,     BD_COffDiag(25),  13,   0.1354134764478359D+01,   0.7370136744617469D+01
  25,     BD_COffDiag(25),  14,   0.1440799389404974D+01,   0.7369936017963484D+01
  25,     BD_COffDiag(25),  15,   0.1527464014331589D+01,   0.7369949235606657D+01
  25,     BD_COffDiag(25),  16,   0.1614128639258204D+01,   0.7368976853768356D+01
  25,     BD_COffDiag(25),  17,   0.1700793264184819D+01,   0.7368970554541729D+01
  25,     BD_COffDiag(25),  18,   0.1787457889111434D+01,   0.7368633732016836D+01
  25,     BD_COffDiag(25),  19,   0.1874122514038049D+01,   0.7368211248543921D+01
  25,     BD_COffDiag(25),  20,   0.1960787138964664D+01,   0.7369053988974769D+01
  25,     BD_COffDiag(25),  21,   0.2047451763891279D+01,   0.7371139410757466D+01
  25,     BD_COffDiag(25),  22,   0.2134116388817894D+01,   0.7370167349776321D+01
  25,     BD_COffDiag(25),  23,   0.2220781013744509D+01,   0.7371596653829072D+01
  25,     BD_COffDiag(25),  24,   0.2307445638671124D+01,   0.7369829666067481D+01
  25,     BD_COffDiag(25),  25,   0.2394110263597740D+01,   0.7376567333900329D+01
  25,     BD_COffDiag(25),  26,   0.2480774888524355D+01,   0.7379980468242907D+01
  25,     BD_COffDiag(25),  27,   0.2567439513450970D+01,   0.7381624980770612D+01
  25,     BD_COffDiag(25),  28,   0.2654104138377585D+01,   0.7382082584104112D+01
  25,     BD_COffDiag(25),  29,   0.2740768763304200D+01,   0.7387325966186019D+01
  25,     BD_COffDiag(25),  30,   0.2827433388230814D+01,   0.7387067589371481D+01
  26,     BD_COffDiag(26),   1,   0.3141592653589793D+00,   0.7417202098760178D+01
  26,     BD_COffDiag(26),   2,   0.4008238902855943D+00,   0.7418299746468931D+01
  26,     BD_COffDiag(26),   3,   0.4874885152122093D+00,   0.7420454570286736D+01
  26,     BD_COffDiag(26),   4,   0.5741531401388242D+00,   0.7421304126157408D+01
  26,     BD_COffDiag(26),   5,   0.6608177650654392D+00,   0.7424732126328699D+01
  26,     BD_COffDiag(26),   6,   0.7474823899920542D+00,   0.7425939944830348D+01
  26,     BD_COffDiag(26),   7,   0.8341470149186692D+00,   0.7426738457623849D+01
  26,     BD_COffDiag(26),   8,   0.9208116398452841D+00,   0.7426643909012811D+01
  26,     BD_COffDiag(26),   9,   0.1007476264771899D+01,   0.7424107245035896D+01
  26,     BD_COffDiag(26),  10,   0.1094140889698514D+01,   0.7420832831326709D+01
  26,     BD_COffDiag(26),  11,   0.1180805514625129D+01,   0.7420589099901326D+01
  26,     BD_COffDiag(26),  12,   0.1267470139551744D+01,   0.7420393411989209D+01
  26,     BD_COffDiag(26),  13,   0.1354134764478359D+01,   0.7416456011804903D+01
  26,     BD_COffDiag(26),  14,   0.1440799389404974D+01,   0.7413346511453643D+01
  26,     BD_COffDiag(26),  15,   0.1527464014331589D+01,   0.7412217527962895D+01
  26,     BD_COffDiag(26),  16,   0.1614128639258204D+01,   0.7413343155240151D+01
  26,     BD_COffDiag(26),  17,   0.1700793264184819D+01,   0.7401158584125063D+01
  26,     BD_COffDiag(26),  18,   0.1787457889111434D+01,   0.7390186974242066D+01
  26,     BD_COffDiag(26),  19,   0.1874122514038049D+01,   0.7385541624031040D+01
  26,     BD_COffDiag(26),  20,   0.1960787138964664D+01,   0.7379194663765745D+01
  26,     BD_COffDiag(26),  21,   0.2047451763891279D+01,   0.7375693791984975D+01
  26,     BD_COffDiag(26),  22,   0.2134116388817894D+01,   0.7374723461541050D+01
  26,     BD_COffDiag(26),  23,   0.2220781013744509D+01,   0.7373749609525906D+01
  26,     BD_COffDiag(26),  24,   0.2307445638671124D+01,   0.7370592556859535D+01
  26,     BD_COffDiag(26),  25,   0.2394110263597740D+01,   0.7369942621006100D+01
  26,     BD_COffDiag(26),  26,   0.2480774888524355D+01,   0.7369390660559819D+01
  26,     BD_COffDiag(26),  27,   0.2567439513450970D+01,   0.7368810867078816D+01
  26,     BD_COffDiag(26),  28,   0.2654104138377585D+01,   0.7371380732097197D+01
  26,     BD_COffDiag(26),  29,   0.2740768763304200D+01,   0.7371076202652265D+01
  26,     BD_COffDiag(26),  30,   0.2827433388230814D+01,   0.7370648245509324D+01
