            Variable                     Coef                 Gradient                     s.e.
MUE_01                 2.4975193551830719E+00   3.3009545254486191E+01   1.0010762221377965E-01
MUE_02                 1.1737984698901154E+00   3.3008027765284226E+01   1.1004967739360857E-01
MUE_03                 5.2722309683114400E-02   3.3021328390116125E+01   1.2755437260785293E-01
MUE_04                -8.4689962964648202E-01   3.3017027668246122E+01   1.8279165572423570E-01
MUE_05                -1.0670506185592590E+00   3.3049301819234451E+01   1.2308871189862253E-01
MUE_month_01           0.0000000000000000E+00   3.3020169077428513E+01   1.4623657425447667E-01
MUE_month_02           0.0000000000000000E+00   3.3028147459951256E+01   1.3667595606457258E-01
MUE_month_03           0.0000000000000000E+00   3.3023313780129698E+01   1.7095086589028938E-01
MUE_month_04           0.0000000000000000E+00   3.3023823918627677E+01   2.3557930801334337E-01
MUE_month_05           0.0000000000000000E+00   3.3028614432329292E+01   1.7204250036265545E-01
MUE_month_06           2.7155808813699999E-05   3.3023502096874964E+01   1.4151510087294378E-01
MUE_month_07           2.7160822760200001E-05   3.3021484140567466E+01   1.4780942926625429E-01
MUE_month_08           2.7157748319500002E-05   3.3030033993461224E+01   1.7387408917709329E-01
MUE_month_09           2.7158109056899999E-05   3.3028936982013107E+01   2.1492433994124335E-01
MUE_month_10           2.7161178397499999E-05   3.3027025347357224E+01   1.6047869516500646E-01
MUE_month_11           2.7157739563699999E-05   3.3018909304476324E+01   1.5249321462730855E-01
MUE_month_12           2.7157090637800001E-05   3.3026948518150022E+01   1.6337363106220421E-01
MUE_month_13           2.7161482234099999E-05   3.3022006392286066E+01   1.8171312656698324E-01
MUE_month_14           2.7161560390700000E-05   3.3023801064204584E+01   2.6373630645150853E-01
MUE_month_15           2.7159957850099999E-05   3.3029146409700815E+01   1.7788115874840638E-01
MUE_month_16           5.3209622714255004E-03   3.3018936621732365E+01   1.3639202164430328E-01
MUE_month_17           5.3244162108476000E-03   3.3029611999078099E+01   1.4910982284982213E-01
MUE_month_18           5.3219005737701998E-03   3.3024184248759802E+01   1.6390403115324037E-01
MUE_month_19           5.3218795492186999E-03   3.3028208889250195E+01   2.1973300006404609E-01
MUE_month_20           5.3231879250669996E-03   3.3027257220009375E+01   1.6914104079816228E-01
MUE_month_21          -9.4215153760625295E-02   3.3016228431299716E+01   1.3798958019611313E-01
MUE_month_22          -1.0244454231537499E-02   3.3028384522207546E+01   1.4499034611674008E-01
MUE_month_23           8.5017934579626600E-02   3.3021504199449353E+01   1.5791873242376306E-01
MUE_month_24           1.3362868588719110E-01   3.3025581804199994E+01   2.6516586227296407E-01
MUE_month_25           1.8657017792169511E-01   3.3028441385351293E+01   1.6726181973339777E-01
MUE_month_26           1.9426097050288571E-01   3.3015881935622495E+01   1.3290413722925817E-01
MUE_month_27           3.6862784000400400E-01   3.3027726472033393E+01   1.4930547369279210E-01
MUE_month_28           1.3399476493926636E+00   3.3018433060166842E+01   1.7313900013437328E-01
MUE_month_29           1.0639058718839407E+00   3.3026475907325619E+01   2.3798467368883280E-01
MUE_month_30           8.7618638017236283E-01   3.3028905549443827E+01   1.5191861190929190E-01
MUE_month_31           4.5326662366321302E-01   3.3017926874181057E+01   1.5304547136938224E-01
MUE_month_32           2.4032510866903207E+00   3.3018975118404164E+01   1.5734491949003931E-01
MUE_month_33           1.6292007635842545E+00   3.3024469314305783E+01   1.6739645374865192E-01
MUE_month_34           1.6385147013379771E+00   3.3022026875829631E+01   2.2326038453869304E-01
MUE_month_35           1.7145717275601606E+00   3.3025059965341619E+01   1.6067045463826554E-01
MUE_month_36           1.2175358190061978E+00   3.3016017218425112E+01   1.5033282484697272E-01
MUE_month_37           6.0651846313869742E+00   3.3017107766131907E+01   1.6354889670632106E-01
MUE_month_38           5.9370332712444212E+00   3.3020977716495430E+01   1.8426995595188600E-01
MUE_month_39           5.8212420832804659E+00   3.3021078500037611E+01   3.0375537962766630E-01
MUE_month_40           6.1370776941608982E+00   3.3017411010426123E+01   1.7643274770110565E-01
MUE_month_41          -5.7438643676868697E+00   3.3034865533535950E+01   1.4169166388936713E-01
MUE_month_42           3.5041574421996295E+00   3.3010135229990688E+01   1.6090315637228028E-01
MUE_month_43           4.3225199245474073E+00   3.3032269663728691E+01   1.9449231396076155E-01
MUE_month_44           4.6248208609060022E+00   3.3020168394197590E+01   2.9331374398636251E-01
MUE_month_45           5.0485667959774032E+00   3.3021660706990239E+01   1.9654953387443425E-01
MUE_month_46          -5.3320159237155700E+00   3.3036993524553971E+01   1.3909424887611554E-01
MUE_month_47           3.3723980494103816E+00   3.3019923159608688E+01   1.7093512282629161E-01
MUE_month_48           4.2503656249104713E+00   3.3021327637413115E+01   1.9740847044148480E-01
MUE_month_49           2.8354897944936472E+00   3.3020071199130861E+01   2.5176505221774687E-01
MUE_month_50           4.0376897276717694E+00   3.3025285565536819E+01   1.8528571823052450E-01
MUE_month_51          -4.2623631641588888E+00   3.3036551547095101E+01   1.4508028205111684E-01
MUE_month_52           3.5664565754541218E+00   3.3019026025730795E+01   1.7196247174217952E-01
MUE_month_53           3.2964764635397645E+00   3.3021667392668824E+01   1.8801154533264031E-01
MUE_month_54           3.1376312159514059E+00   3.3019092604919301E+01   2.5741010502089401E-01
MUE_month_55           3.4239908769819256E+00   3.3028246221530125E+01   1.6981949081961970E-01
INVCDia01              3.0809156689031481E-01   3.1445341022613196E+01   1.3970774480684353E-03
INVCDia02              3.1104278987579875E-01   3.1772384676513003E+01   1.3069022923621176E-03
INVCDia03              3.2731043480330435E-01   3.2549783022680487E+01   1.5736430423611996E-03
INVCDia04              2.7393799430045873E-01   3.2948389534913041E+01   1.8879356631110059E-04
INVCDia05              8.5187439904889384E-01   3.2629637780435139E+01   7.8064503553535343E-03
INVCOffDi01            1.6862051075968822E+00   3.2842557925790508E+01   4.3159431255447916E-03
INVCOffDi02            1.3910540233719919E+00   3.2905416421977868E+01   4.1642365493818403E-03
INVCOffDi03            1.6333592402803208E+00   3.2972693586187447E+01   3.6778420218220829E-03
INVCOffDi04            1.5989937340746327E+00   3.2916362205391444E+01   5.0139107113202101E-03
INVCOffDi05            1.5424279294623136E+00   3.2762785342084200E+01   3.4165383360855901E-03
INVCOffDi06            1.5573491204980812E+00   3.2681025091570312E+01   3.5888094586334213E-03
INVCOffDi07            1.4284097726958489E+00   3.3033327496029024E+01   2.9695049965447174E-03
INVCOffDi08            1.6580156427168131E+00   3.2975571257442027E+01   3.2836501995000046E-03
INVCOffDi09            1.6639519618000937E+00   3.3178302765685274E+01   3.9332834722907977E-03
INVCOffDi10            1.5457793328408043E+00   3.0646427423825500E+01   3.5668982112468852E-03
  BC_beta01            1.7138451950704860E+00   3.2971928242539533E+01   1.1259415965071729E-02
  BC_beta02           -1.2091692134154780E-01   3.3030544273881681E+01   8.5772117150423738E-03
  BC_beta03            1.3319584931567197E+00   3.5269373567544413E+01   1.1185892669228743E-02
  BC_beta04            1.2045947342182519E+00   3.2756213077521181E+01   1.5898286355983178E-02
  BC_beta05           -6.4819160319714886E-01   3.3291574903807870E+01   8.0277617399902267E-03
  BC_beta06            1.9423290990707989E+00   3.3027437417134969E+01   3.8626445334580678E-02
  BC_beta07            7.8484643898392259E-01   3.2980285363324292E+01   1.4856056414748407E-02
  BC_beta08           -1.0239369571247541E+00   3.2927317541588714E+01   1.7982131790728623E-02
  BC_beta09            2.0000000000000000E+00   3.3020125920299918E+01   1.6312266874196410E-01
  BC_beta10           -1.1090780697119260E-01   3.3051907095118750E+01   3.3969613737547186E-02
  BC_beta11            2.0000000000000000E+00   3.3024248868320825E+01   2.9436008009423709E-01
  BC_beta12            2.0000000000000000E+00   3.3019610807227416E+01   8.4055796483764073E-02
  BC_beta13            1.8985543852044895E+00   3.3024279396107133E+01   1.6439629896591351E-01
  BC_beta14            1.3909177010938534E+00   3.3028530198621382E+01   1.5372072638666681E-01
  BC_beta15           -7.0922208141331078E-01  -3.2249266498938752E+01   8.6159769077019527E-03
  BC_beta16           -5.0906599428236543E-01   3.5278644169183671E+01   6.5328770007889551E-03
  BC_beta17            1.6702600030548487E+00   3.2866452863750467E+01   1.1734366015637238E-02
  BC_beta18            1.9998917784836920E+00   3.2986359704792314E+01   2.2205993823289444E-02
  BC_beta19            3.5186878496885737E-01   3.3042517643202913E+01   9.9410977148063854E-03
  BC_beta20           -1.0394249018624577E+00  -3.4466131411039036E+01   7.7791851214302358E-03
  BC_beta21            2.0000000000000000E+00   3.3029379531573461E+01   3.4225130553489032E-02
  BC_beta22            7.2026257588427134E-01   3.2992032309825881E+01   1.1702403344281064E-02
  BC_beta23            1.5027078870422497E+00   3.2971668928500549E+01   1.3920563375013795E-02
  BC_beta24           -1.0416078049339081E+00   3.3072250494553955E+01   8.3049293968022256E-03
  BC_beta25            1.9982636166110530E+00   3.3476638573505248E+01   2.0838466060778774E-02
  BC_beta26            1.7622440317101107E+00   3.5305938219988541E+01   2.7147314825959754E-02
  BC_beta27            1.9981447344258854E+00   3.3039983511895109E+01   1.2883557182366512E-01
  BC_beta28           -1.1943202987973800E-01   3.3082170799131632E+01   1.0964931916522173E-02
  BC_beta29            1.2765937058030328E+00   3.3024279529191716E+01   2.9525115474724299E-02
  BC_beta30            4.1918854503763631E-01   3.3062399545528820E+01   1.9930395368412610E-02
  BC_beta31           -1.7681627217497629E+00   3.2959499130999987E+01   1.2461128571165750E-02
  BC_beta32            5.0927128615655459E-01   3.3007048927569947E+01   1.9967495366841434E-02
  BC_beta33            2.0000000000000000E+00   3.3059205137184271E+01   4.5319822875377586E-02
  BC_beta34           -1.7012558416531151E-01   3.2997952577476987E+01   1.4789088745568923E-02
  BC_beta35            5.0350551474016936E-01   3.3018443225879167E+01   3.2855310388445066E-02
  BC_beta36            7.5271687784909935E-01   3.3034612137914714E+01   3.3322009915105762E-02
  BC_beta37            1.6396310301906007E+00   3.3007882239609835E+01   3.2371410005480675E-02
  BC_beta38           -8.5332284237596145E-01   3.3004686179090690E+01   3.2794248537310701E-02
  BC_beta39            1.9984599300480008E+00   3.3015637321088853E+01   3.5936919434262843E-01
  BC_beta40            1.9986150957973359E+00   3.3023825748150429E+01   1.3593388299788972E-01
  BC_beta41           -3.3793327381377858E-01   3.3029665942369505E+01   4.0214186361648724E-02
  BC_beta42            1.6796314155767118E+00   3.3023827791912076E+01   3.5747827937735766E-01
  BC_beta43            1.9980852091261307E+00   3.3024598538288615E+01   1.4520285300452649E+00
  BC_beta44            1.1812203841025153E+00   3.3023544661495499E+01   3.9638213995351973E-01
  BC_beta45            2.0000000000000000E+00   3.3022506576093612E+01   9.1112652743148781E-01
  BC_beta46            1.3148536053335491E+00   3.3030916067159431E+01   1.2625179663319004E+00
  BC_beta47            1.5751180442381019E-01   3.3024709412592401E+01   3.1974716168066991E-02
  BC_beta48            1.6251752682211500E-02   3.3017871400776045E+01   1.6974650584882664E-02
  BC_beta49            1.9993676553542481E+00   3.3058144310536846E+01   5.1682513439406157E-02
  BC_beta50            7.8959261744745024E-01   3.3048062806936400E+01   2.5219490875882291E-03
  BC_beta51            1.1888962707072139E+00   3.3058753002502073E+01   1.7358232006126316E-02
  BC_beta52           -9.6192051497441255E-01   3.3020135998220631E+01   8.9175314399675253E-03
  BC_beta53            1.3156824610011200E+00   3.3043673129251161E+01   2.0469892454943010E-02
  BC_beta54            3.3381292760269632E-01   3.2980933344588991E+01   9.4374474324291930E-03
  BC_beta55           -1.9733763829191184E+00   3.3109976501660896E+01   2.5319375058457830E-02
  BC_beta56            9.6689717284517096E-01   3.3002440896800948E+01   2.8054184936091221E-02
  BC_beta57            1.8283570579644306E+00   3.3008643178508827E+01   3.8423433475974454E-02
  BC_beta58            5.4496344292084675E-01   3.3034502258280632E+01   1.9980978721503166E-02
  BC_beta59            1.9977167180264941E+00   3.3046284677785970E+01   5.7793426243289987E-02
  BC_beta60           -6.3030739224901655E-01   3.3115242122706327E+01   1.6878838080778214E-02
  BC_beta61           -1.0269995851426740E-01   3.3112977449246898E+01   1.9215023095738457E-02
  BC_beta62            1.9962128519367168E+00   3.3038105716284583E+01   1.0850747114470713E-01
  BC_beta63            1.9984139129320768E+00   3.3024934731984310E+01   1.2839996679797225E+00
  BC_beta64            1.9984306376341099E+00   3.3023691320861339E+01   9.1291156002415452E-01
  BC_beta65            1.9984940268798745E+00   3.3023888520112735E+01   5.5657745561675365E-01
  BC_beta66            1.9983712783509018E+00   3.3023992507034059E+01   1.3602197877766549E+00
  BC_beta67            2.7252372703676192E-01   3.3028689191209736E+01   2.9299881165873776E-01
  BC_beta68            2.0000000000000000E+00   3.3022768076507177E+01   1.3462773114401421E+00
  BC_beta69            1.6312027383483720E+00   3.3025506983139778E+01   3.4002464274992250E-01
  BC_beta70            1.9980631152019424E+00   3.3026417476141368E+01   1.1458642702601347E+00
  BC_beta71            1.3720357809639239E+00   3.3027310267970556E+01   6.8661246219784935E-02
  BC_beta72            7.4384359909484898E-01   3.3008655675526562E+01   2.6891899400674463E-02
  BC_beta73           -8.2919959795036424E-01   3.2955058126442786E+01   2.2434941251553202E-02
  BC_beta74           -1.8071908455903279E-01   3.3016034469489512E+01   1.9643621611691978E-02
  BC_beta75           -1.5607115444975209E-01   3.3057862031226094E+01   1.3916150094144595E-02
  BC_beta76            1.5691688561729191E+00   3.2998638804571698E+01   1.8185335198791022E-02
  BC_beta77            1.9978573388204537E+00   3.3041608355307787E+01   3.6837295480700916E-02
  BC_beta78            4.6235071280722650E-01   3.3048388137131312E+01   1.0275363272334477E-02
  BC_beta79            1.9978906872448163E+00   3.5346396371769060E+01   6.0182954187327005E-02
  BC_beta80           -2.5568549573177379E-01   3.3031180591701833E+01   1.2344612498420941E-02
  BC_beta81            2.0000000000000000E+00   3.5299142450483664E+01   5.2267350868770115E-02
  BC_beta82           -1.5421229909046059E+00   3.2959455275139625E+01   7.6248321003190497E-02
  BC_beta83            9.5864806706735008E-03   3.5289485833965166E+01   1.1889565825129527E-02
  BC_beta84            2.0000000000000000E+00   3.5318609293781911E+01   5.5670153485748816E-02
  BC_beta85            7.3045652327738075E-01   3.3005273225191409E+01   1.6501927883729100E-02
  BC_beta86           -5.0582896175928904E-01   3.3069328048259251E+01   1.0411591116321154E-02
  BC_beta87            1.9984484811977294E+00   3.3023657257706965E+01   5.6503232196368502E-01
  BC_beta88            1.9980217307077441E+00   3.3017764953294289E+01   4.5278847954912216E-01
  BC_beta89            2.0000000000000000E+00   3.3025157551692580E+01   3.5496148723558818E-01
  BC_beta90            6.2760434372332019E-01   3.3025892602485413E+01   5.4316430398388467E-02
  BC_beta91            1.9984354345386064E+00   3.3021947942827090E+01   2.0937191000292432E-01
  BC_beta92           -4.5668055641170019E-01   3.3025641409783809E+01   8.4412081393072366E-02
  BC_beta93            1.5109718940396628E+00   3.3024454583454634E+01   3.1500254178706721E-01
  BC_beta94            1.9982716597006249E+00   3.3342311155190785E+01   2.6032483920234752E-04
  BC_beta95            1.8984669437527060E-01   3.3030694422848264E+01   2.7664303887419472E-01
  BC_beta96           -2.1748794168550981E-01   3.3021167324868678E+01   1.1820430735157529E-01
  BC_beta97            2.0000000000000000E+00   3.3019177415093417E+01   2.3391833641011564E-01
  BC_beta98            1.9987821174715572E+00   3.3025138110778244E+01   3.9523945159715673E-01
 BC_CDiag01            6.4007348084970828E-01   3.3012513375891217E+01   2.3484153735843939E-03
 BC_CDiag02            4.9185532132607690E-01   3.5585611674252029E+01   3.0166120162870569E-03
 BC_CDiag03            2.2107271937520873E-01   3.3027393982062740E+01   5.9592796092814973E-03
 BC_CDiag04            6.3235085723099882E-01   3.3204429185160599E+01   1.4056539933025304E-02
 BC_CDiag05            5.4975803292098036E-01   3.2866484846763910E+01   7.5372281866636802E-03
 BC_CDiag06            6.6340511561657833E-01  -3.4483314734861786E+01   1.6620290766661900E-02
 BC_CDiag07            5.5131559638542049E-01   3.3035799893519844E+01   3.0212272197391626E-02
 BC_CDiag08            5.1734594600705819E-01   3.2986565438708823E+01   1.9796987671344361E-02
 BC_CDiag09            8.5294483347682681E-01   3.3045515499826038E+01   1.0310946597225275E-01
 BC_CDiag10            5.3390809976499465E-01   3.3053988420967819E+01   2.9219729578850231E-02
 BC_CDiag11            1.2000000000000002E+00   3.3024587438402634E+01   2.3436927671813765E-01
 BC_CDiag12            1.1999876576837951E+00   3.3026654458951370E+01   1.5049782400524711E-01
 BC_CDiag13            1.2000000000000000E+00   3.3023013187603901E+01   1.7682947443074518E-01
 BC_CDiag14            5.9073294828382761E-01   3.3023756179857742E+01   1.5507896615155389E-01
 BC_CDiag15            5.1711005987245240E-01  -3.4575757382039306E+01   5.5014058635923331E-03
 BC_CDiag16            4.8141973918110037E-01  -3.4594524077974214E+01   4.4025408358885822E-03
 BC_CDiag17            8.5768213351186029E-01  -3.1921994144409105E+01   6.9169728663260582E-03
 BC_CDiag18            4.7324016417818071E-01   3.5348811287686942E+01   1.0480730293077672E-02
 BC_CDiag19            4.7952166156441856E-01  -3.4786193303349634E+01   6.3302019611432029E-03
 BC_CDiag20            5.2549371578528359E-01   3.2924092409669491E+01   7.1440240806675825E-03
 BC_CDiag21            5.5798909515697592E-01   3.3022042848561597E+01   3.0959284322984094E-02
 BC_CDiag22            5.1643661284897313E-01   3.2995110821130432E+01   1.0541999720452701E-02
 BC_CDiag23            8.5400937609925132E-01   3.3098168927062659E+01   6.0584487864661900E-03
 BC_CDiag24            5.2113919059531855E-01   3.3034742704084856E+01   4.8084697662385155E-03
 BC_CDiag25            4.9333078573450712E-01   3.2958028937428864E+01   8.5091724146042092E-03
 BC_CDiag26            5.0751871712686814E-01   3.3101477978296707E+01   9.4625174472258052E-03
 BC_CDiag27            5.1152147598607933E-01   3.2987894415766519E+01   6.8601524984027815E-02
 BC_CDiag28            5.8208012317912572E-01   3.3027778544392589E+01   1.6098170802836369E-02
 BC_CDiag29            5.1367785315527947E-01   3.3017427776218597E+01   4.7626325337998737E-02
 BC_CDiag30            5.0564553088218733E-01   3.2952266070725166E+01   2.4093078596043524E-02
 BC_CDiag31            4.3208961339605512E-01   3.2933905398090594E+01   8.2548702778210779E-03
 BC_CDiag32            5.1538757694394977E-01   3.3049348165719508E+01   2.1417101887649167E-02
 BC_CDiag33            4.7275427227484129E-01   3.2996439579735032E+01   2.7292838170958986E-02
 BC_CDiag34            5.0366070834682075E-01   3.2984882210676318E+01   1.4968488638524768E-02
 BC_CDiag35            1.2000000000000000E+00   3.3054331355567605E+01   3.3616515081783364E-02
 BC_CDiag36            1.2000000000000000E+00   3.3083496808160689E+01   2.7948281296124245E-02
 BC_CDiag37            9.3198659359030411E-01   3.3039686461581773E+01   3.0254539649554543E-02
 BC_CDiag38            1.1988626166208542E+00   3.3005457151277440E+01   2.7021764018292784E-02
 BC_CDiag39            1.2000000000000000E+00   3.3042802178786523E+01   2.7605685894250687E-01
 BC_CDiag40            6.8412957513085138E-01   3.3032213321377540E+01   5.5872541660583912E-02
 BC_CDiag41            4.6256701970724740E-01   3.3019324533136746E+01   1.0187071325335336E-02
 BC_CDiag42            5.1778385784413483E-01   3.3018054809337848E+01   1.6250539212856535E-01
 BC_CDiag43            1.1999999999999997E+00   3.3023040041852461E+01   1.0982050604752440E+00
 BC_CDiag44            1.2000000000000000E+00   3.3024487489672332E+01   7.3187358574909833E-01
 BC_CDiag45            1.1999876535079426E+00   3.3021712766282924E+01   1.1537800957120135E+00
 BC_CDiag46            5.4818603649576603E-01   3.3017193406158434E+01   4.2891081280271021E-01
 BC_CDiag47            5.2363394762218218E-01   3.2954039547778514E+01   1.3889833947653741E-02
 BC_CDiag48            4.7243348113821859E-01   3.3025221780685840E+01   2.5521879318413966E-02
 BC_CDiag49            5.0812380168946747E-01   3.2995448935900811E+01   4.3026715887821025E-02
 BC_CDiag50            5.0032597740645468E-01   3.3023879499987842E+01   1.6171556593776195E-02
 BC_CDiag51            6.8673030956959813E-01   3.3020687610726732E+01   1.6503496290214907E-02
 BC_CDiag52            7.8641512920928824E-01   3.2975423818283318E+01   1.0705493260799528E-02
 BC_CDiag53            5.8969662619439589E-01   3.2978241869737985E+01   1.4964763257886784E-02
 BC_CDiag54            5.1129762134409917E-01   3.3019985309103582E+01   9.6613532140305512E-03
 BC_CDiag55            5.1616045410269273E-01   3.3092287258041878E+01   1.5105112362270646E-02
 BC_CDiag56            4.9266199423597623E-01   3.3046049126590212E+01   1.6243550458863141E-02
 BC_CDiag57            5.9318018063691402E-01   3.3082625406761707E+01   2.0818132116416668E-02
 BC_CDiag58            8.4962763842446920E-01   3.3019329294806688E+01   3.8532826268724105E-02
 BC_CDiag59            6.2585401791735662E-01   3.2968321361751428E+01   2.7742911198963001E-02
 BC_CDiag60            5.0305488422096833E-01   3.2955219549575773E+01   7.0625873729970598E-03
 BC_CDiag61            5.0845835167532560E-01   3.2976072377253125E+01   8.3433999189414312E-03
 BC_CDiag62            5.0753840978206854E-01   3.2981320144702067E+01   6.2508547696113206E-02
 BC_CDiag63            1.2000000000000000E+00   3.3023469995125069E+01   1.2429920188352694E+00
 BC_CDiag64            8.5269148092258629E-01   3.3024118338624433E+01   7.4302822023308535E-01
 BC_CDiag65            8.5256846012835830E-01   3.3023783390876638E+01   1.4254433243860336E+00
 BC_CDiag66            6.7858899460871980E-01   3.3024180157066269E+01   3.6954390159917967E+00
 BC_CDiag67            1.2000000000000000E+00   3.3021785917349504E+01   3.3280565341284424E-01
 BC_CDiag68            1.2000000000000000E+00   3.3024611450833085E+01   6.6394638690021146E-01
 BC_CDiag69            1.2000000000000000E+00   3.3024148603919045E+01   6.8937795042196148E-01
 BC_CDiag70            1.2000000000000000E+00   3.3021998463605833E+01   9.7054891237734686E-01
 BC_CDiag71            5.2694377490745492E-01   3.3020708291352726E+01   7.7488239917394994E-02
 BC_CDiag72            5.0383055481315231E-01   3.3003838658224673E+01   2.4692462936684725E-02
 BC_CDiag73            4.4577990105481979E-01   3.2852282416791930E+01   1.3483107557318911E-02
 BC_CDiag74            5.0404210067346411E-01   3.3059739202820751E+01   5.5830821318335827E-03
 BC_CDiag75            5.1418386012072570E-01   3.3006329095721306E+01   9.1218882053636808E-03
 BC_CDiag76            5.4695309424656813E-01   3.3143042392554811E+01   9.0945201694098057E-03
 BC_CDiag77            1.4180113805570388E-01   3.3035380474940609E+01   2.0466114931859319E-02
 BC_CDiag78            4.8271913603573657E-01   3.2984930051139223E+01   7.6785359071796814E-03
 BC_CDiag79            3.8350220611605573E-01   3.3086037945720541E+01   3.7959765929813781E-02
 BC_CDiag80            5.1981706933614014E-01   3.5228349960864584E+01   1.2122039776789982E-02
 BC_CDiag81            5.3478793759472887E-01   3.3040922611146705E+01   3.4671239772078664E-02
 BC_CDiag82            5.2574209219196577E-01   3.2723315197127519E+01   3.0032513798053159E-02
 BC_CDiag83            5.1321683484594804E-01   2.6993494985901844E+01   1.5582869304106781E-05
 BC_CDiag84            6.7881033965287274E-01   3.3008453667737257E+01   3.3736379593319009E-02
 BC_CDiag85            5.4098134009770027E-01   3.3047459360870590E+01   9.5484692827138579E-03
 BC_CDiag86            4.9759254441312828E-01   3.5315080929252012E+01   1.2562020122833523E-02
 BC_CDiag87            1.2000000000000002E+00   3.3023505965881839E+01   7.8276893686542803E-01
 BC_CDiag88            9.8848517539619629E-01   3.3036304414077769E+01   3.4906158735350762E-01
 BC_CDiag89            1.2000000000000000E+00   3.3023162991839307E+01   4.1447368964602976E-01
 BC_CDiag90            5.2689484225393002E-01   3.3014383529691393E+01   5.7820335257605951E-02
 BC_CDiag91            6.7603619506393819E-01   3.3024613176117995E+01   1.5014968769550008E-01
 BC_CDiag92            6.7831027863871385E-01   3.3023351412023160E+01   1.0194852401300139E-01
 BC_CDiag93            1.2000000000000000E+00   3.3021795705150687E+01   2.0731712726764434E-01
 BC_CDiag94            5.9071304635598787E-01   3.3028836572727506E+01   6.4073339952143052E-02
 BC_CDiag95            4.6049974963237367E-01   3.3013983715017950E+01   1.9400101696968167E-01
 BC_CDiag96            6.7872659517492584E-01   3.3026926430113669E+01   1.8096699128725013E-01
 BC_CDiag97            1.2000000000000000E+00   3.3028979103145303E+01   3.6659834693469301E-01
 BC_CDiag98            1.2000000000000000E+00   3.3024732915551063E+01   2.6594016383678976E-01
BC_COffDi01            1.4185341318136941E+00   3.3054321926227168E+01   1.0372602284835072E-02
BC_COffDi02            2.6690161067679719E+00   3.5347761380551447E+01   2.0234245364867880E-02
BC_COffDi03            2.5070051126172817E+00   3.3085764516958825E+01   9.2517654807635404E-03
BC_COffDi04            1.4832934240010995E+00   3.2860810247284896E+01   9.0786290661086025E-03
BC_COffDi05            1.2120417729897892E+00   3.3003004579972021E+01   2.1194971998297257E-02
BC_COffDi06            3.6699607621292885E-01   3.3083638292383945E+01   3.8422228553172739E-02
BC_COffDi07            2.3689858189163711E+00   3.3024956768819244E+01   2.0694108675270807E-02
BC_COffDi08            1.6087535453229902E+00   3.3034270708684637E+01   6.4728851151508851E-02
BC_COffDi09            6.6555706740609377E-01   3.3064924978791389E+01   5.8862276521781866E-02
BC_COffDi10            1.3687494703206360E+00   3.3026854988559933E+01   1.1854513776130406E-01
BC_COffDi11            5.7088775035882766E-01   3.3015432024278276E+01   1.1326838572902130E-01
BC_COffDi12            2.3697902425704145E+00   3.3026853619228284E+01   6.3177062377308954E-02
BC_COffDi13            1.1776846863899764E+00   3.3025437326574476E+01   1.4473682741524235E-01
BC_COffDi14            2.7827446092787440E+00  -3.2250985761288739E+01   7.7647294628335707E-03
BC_COffDi15            5.6943715164796360E-01   3.3089589541362940E+01   1.1117911840985753E-02
BC_COffDi16            1.6630217158357272E+00   3.3101191672039306E+01   6.7980202749129371E-03
BC_COffDi17            1.9686954543338333E+00   3.3044715956904710E+01   2.6316552201368276E-02
BC_COffDi18            1.7035999125994716E+00   3.2852757564477976E+01   1.1374614632077772E-02
BC_COffDi19            2.0398078368282730E+00  -3.4408194661341447E+01   5.6761438564691992E-03
BC_COffDi20            2.2466364231967479E+00   3.3026407737926078E+01   3.2051220570257506E-02
BC_COffDi21            3.6583719890567018E-01   3.2983982632766605E+01   1.3982425761184464E-02
BC_COffDi22            2.7327760780668200E+00   3.3063337673206533E+01   7.0460482212995525E-03
BC_COffDi23            3.3839117460922991E-01   3.2900181496451275E+01   8.8692987894476473E-03
BC_COffDi24            9.6129852105167757E-01   3.1207271097581824E+01   2.0448738566291858E-02
BC_COffDi25            6.0475058653915814E-01   3.3066732443334708E+01   2.1037088208072399E-02
BC_COffDi26            2.8010463962059733E+00   3.3007203582393721E+01   9.8593755557037199E-02
BC_COffDi27            3.6101450072092728E-01   3.3045402645528846E+01   2.5175664380485956E-02
BC_COffDi28            1.8346181729963964E+00   3.3033469730288402E+01   5.5475713722494699E-02
BC_COffDi29            2.3679889476052050E+00   3.2972100178795394E+01   2.3024665365649823E-02
BC_COffDi30            2.0602401707238296E+00   3.3053685170954736E+01   1.1145262747195661E-02
BC_COffDi31            2.7921247210548352E+00   3.3080010246113190E+01   1.8494928090453239E-02
BC_COffDi32            3.5395092774968817E-01   3.3039362281000194E+01   5.2097087324216210E-02
BC_COffDi33            2.5646526472061417E+00   3.3054311217399608E+01   1.0569415342386963E-02
BC_COffDi34            1.6870592022439796E+00   3.2978065229681697E+01   1.1628862781004718E-02
BC_COffDi35            2.1925442868117484E+00   3.2832048661453001E+01   1.0714284934450313E-02
BC_COffDi36            7.0680752752044196E-01   3.3037604938215836E+01   2.2401369709671985E-02
BC_COffDi37            1.7265743304920307E+00   3.3011134779355572E+01   1.4710210701590700E-02
BC_COffDi38            2.2206235036197559E+00   3.3046951496964141E+01   1.0101885470781642E-01
BC_COffDi39            2.8119765249852908E+00   3.3018110223206818E+01   6.7311416641865449E-02
BC_COffDi40            1.4330724093977250E+00   3.3024679979120613E+01   3.5855736287051146E-02
BC_COffDi41            4.1136929300314401E-01   3.3018669886943101E+01   1.5779284183757128E-01
BC_COffDi42            4.0927145375525964E-01   3.3023577284354751E+01   6.1784209666915002E-01
BC_COffDi43            1.9243081817810554E+00   3.3025993135948021E+01   1.6758396632245012E-01
BC_COffDi44            1.4354114802590474E+00   3.3028289275105564E+01   6.6777815412747310E-01
BC_COffDi45            2.1939412237091136E+00   3.3020755078404370E+01   7.4519697932941031E-01
BC_COffDi46            1.1075976745677756E+00   3.3028126696266654E+01   2.9958873652242226E-02
BC_COffDi47            2.7859621222266169E+00   3.3023535753676427E+01   3.3988869828188252E-02
BC_COffDi48            1.6526524850958728E+00   3.3014756336000566E+01   5.7009496449328498E-02
BC_COffDi49            2.7545567637799193E+00   3.3024071512887055E+01   3.4676379520473456E-02
BC_COffDi50            3.7096763906175084E-01   3.3043186708777370E+01   1.6789874053295774E-02
BC_COffDi51            5.7743503824816222E-01   3.2994916283924340E+01   1.0006154359628504E-02
BC_COffDi52            2.4276046453777362E+00   3.3024640362346553E+01   1.7802485263525538E-02
BC_COffDi53            2.7910295022550038E+00   3.3028557169692974E+01   1.4272115839634430E-02
BC_COffDi54            2.5210236825751968E+00   3.2875751147463106E+01   2.1022238155917326E-02
BC_COffDi55            9.6070410619145286E-01   3.3008350506979035E+01   3.3553115584263542E-02
BC_COffDi56            5.2217421799052821E-01   3.3027436704537507E+01   5.0080948315085201E-02
BC_COffDi57            2.6739264831610021E+00   3.3037872349816681E+01   1.8897471620360807E-02
BC_COffDi58            2.4744176907512099E+00   3.3036778940056358E+01   3.1722627045316289E-02
BC_COffDi59            8.9621206594857705E-01   3.2965254081514402E+01   3.0883506153336404E-02
BC_COffDi60            7.5626223021927474E-01   3.2987561119767861E+01   2.6286636852670194E-02
BC_COffDi61            1.0425647791947057E+00   3.3015466487593514E+01   7.3705192449470824E-02
BC_COffDi62            2.6078606875610162E+00   3.3023310133539759E+01   4.6682610471366287E-01
BC_COffDi63            2.5853597343167287E+00   3.3023827487007999E+01   2.0419057532310797E-01
BC_COffDi64            1.8118242219976892E+00   3.3023906297218950E+01   5.0210629867985090E-01
BC_COffDi65            1.8142353516183718E+00   3.3024122580686964E+01                      NaN
BC_COffDi66            9.3516790304114716E-01   3.3027294622466961E+01   9.5523878582892227E-02
BC_COffDi67            2.2067045524134330E+00   3.3023085117567085E+01   3.2983690871372134E-01
BC_COffDi68            2.5058468262435780E+00   3.3017747389145427E+01   7.2296453998078811E-02
BC_COffDi69            1.4131345477937358E+00   3.3025277544527562E+01   2.2762478880626782E-01
BC_COffDi70            1.4265710007583410E+00   3.3026974874258656E+01   8.8426723296910217E-02
BC_COffDi71            1.4884760562640227E+00   3.3030148076691937E+01   3.2135767023906102E-02
BC_COffDi72            9.1909979691859944E-01   3.2979958969831785E+01   3.4399110332819199E-02
BC_COffDi73            2.1317337049133069E+00   3.3056946335546968E+01   1.9227892461841083E-02
BC_COffDi74            2.8074759723544886E+00   3.2999570670360896E+01   1.4413940094503318E-02
BC_COffDi75            2.8181556699715546E+00   3.3006140055896410E+01   1.6812017605077383E-02
BC_COffDi76            2.3567869359651317E+00   3.3005426503912318E+01   6.4211776246403382E-02
BC_COffDi77            8.5376741903784492E-01   3.3004261094789953E+01   1.4926483943837679E-02
BC_COffDi78            2.1283872397206793E+00   3.5221959091088529E+01   7.2057844277558306E-02
BC_COffDi79            4.5735793488997639E-01   3.5307999046664463E+01   2.1837453541044109E-02
BC_COffDi80            3.4483310607313300E-01   3.3017672261450613E+01   3.1250276482824635E-02
BC_COffDi81            6.5582792315529836E-01   3.3002674091499529E+01   8.0801070839252004E-02
BC_COffDi82            4.0176903113258389E-01   3.3035420966433996E+01   1.8970409585048725E-02
BC_COffDi83            1.8592481249637738E+00   3.5311656906665156E+01   2.1420998807025794E-02
BC_COffDi84            3.2047045673303515E-01   3.3012333655088803E+01   2.4855489416997927E-02
BC_COffDi85            2.5275136703559675E+00   3.2977043216814856E+01   1.3303636306023381E-02
BC_COffDi86            2.2822701539707211E+00   3.3027955526465909E+01   1.9796373647497806E-01
BC_COffDi87            2.8126159469594265E+00   3.3030422202840782E+01   9.1849031386633445E-02
BC_COffDi88            1.5767243816860503E+00   3.3029731508094130E+01   1.3835382528837140E-01
BC_COffDi89            1.7984774664694692E+00   3.3033674346269976E+01   6.7606659690580467E-02
BC_COffDi90            2.7915067911445046E+00   3.3021341646552202E+01   1.2065032576638651E-01
BC_COffDi91            1.7042830282850019E+00   3.3026849124554943E+01   9.6418656030203206E-02
BC_COffDi92            9.2138186736519190E-01   3.3024424561112262E+01   1.9693665015800044E-01
BC_COffDi93            2.8041742084051156E+00   3.3025488638373766E+01   1.6976338950823749E-01
BC_COffDi94            3.6084269515001594E-01   3.3022929712250736E+01   3.3501759287426047E-01
BC_COffDi95            1.0578632222913207E+00   3.3026618213806131E+01   2.1361098669313858E-01
BC_COffDi96            2.8018969799380060E+00   3.3026351143386862E+01   9.2426017532589300E-01
BC_COffDi97            1.1774295162128388E+00   3.3025634679654502E+01   2.9432746114781855E-01
  BD_beta01           -1.1741950316539258E+00   3.3061853657941725E+01   3.9066864904582124E-02
  BD_beta02           -1.1075252128657114E+00   3.3020338287657744E+01   4.9661390678364677E-02
  BD_beta03            1.5657695743479341E+00   3.2951364202494467E+01   2.1863348317781944E-02
  BD_beta04            1.7907960904460243E+00  -3.4564489125889331E+01   2.7120217893354545E-02
  BD_beta05            8.6098461740380117E-01   3.3065860169708920E+01   1.0045692894555709E-01
  BD_beta06            5.0552527498689792E-01   3.3006469648105266E+01   1.9872203766760319E-01
  BD_beta07            1.4946840903293492E+00  -1.9304578288936003E+01   1.5889283098731174E-06
  BD_beta08            1.5616187790782161E+00   3.2913304121985533E+01   2.4401379780304627E-02
  BD_beta09            1.9002446308849943E+00   3.2917772718810554E+01   2.0213026680701161E-02
  BD_beta10            1.6770499024947899E-02  -3.4514227141684060E+01   5.8263995973882994E-02
  BD_beta11            7.7318972547465048E-01   3.3027157599917018E+01   3.4104389714636446E-02
  BD_beta12            9.8988029022442559E-01   3.3044617170778061E+01   9.0547552949495042E-02
  BD_beta13           -1.3116023576418856E+00   3.3024056930266653E+01   1.5227491193537518E-01
  BD_beta14            6.0297300938447996E-03   3.3025240827247352E+01   5.7243152257587449E-01
  BD_beta15            4.0725378617760438E-01   3.3012490613738464E+01   5.6243961221942737E-02
  BD_beta16            2.1915550777702919E-01   3.3047644977207298E+01   1.0804207698752033E-01
  BD_beta17            9.0520084827721270E-01   3.3078553863192461E+01   1.0429061141613005E-01
  BD_beta18            3.7223597646529322E-01   3.3069826657303693E+01   3.0649410664522418E-02
  BD_beta19           -1.2386259225080196E+00   3.3022389563481248E+01   2.8449302111005431E-01
  BD_beta20            4.1702641033924021E-01   3.3019194613101639E+01   3.7591192609842394E-01
  BD_beta21           -1.1359774407876701E-02   3.3020448922532474E+01   1.3685357672114459E-01
  BD_beta22            1.0708336259631068E+00   3.3083524253850229E+01   3.4455437768697833E-02
  BD_beta23            2.5877395344870002E-02   3.3041968992138280E+01   5.5566494495318690E-02
  BD_beta24            1.6201612200696915E+00   3.5280647985276339E+01   6.4842113336763971E-02
  BD_beta25           -1.3775918481738409E+00   3.3023480476310695E+01   2.1861185847852133E-01
  BD_beta26           -6.5080809789339944E-01   3.3027448348668422E+01   7.5318992463783749E-02
  BD_beta27           -2.4819381816267430E-01   3.3031276984596225E+01   1.4613112696143808E+00
BDmonth_01             1.2459716610381570E-01   3.3020740624719465E+01   4.4748441096917890E-02
BDmonth_02            -2.6985449951769699E-02   3.3018647658972924E+01   5.7701929085013204E-02
BDmonth_03             9.8591654908316007E-03   3.3021329932564207E+01   3.1010966185366251E-02
BDmonth_04             6.2179615006435103E-02   3.3033611062944210E+01   2.9704230501018520E-02
BDmonth_05             1.0000000000000000E+00   3.3024133774385248E+01   1.7435037192356118E-01
BDmonth_06             2.4966403606517129E-01   3.3020480724514449E+01   2.5550964538025139E-01
BDmonth_07             1.7971503222797119E-01   3.3000802575975712E+01   1.4889231117610206E-02
BDmonth_08             1.2430198266437910E-01   3.3014077547319225E+01   3.1114555874945889E-02
BDmonth_09             6.1911957031156199E-02   3.3013047695768414E+01   2.6448716170797457E-02
BDmonth_10             3.1081261368396899E-02   3.3026401005871229E+01   1.5700601533009614E-01
BDmonth_11             2.5000093175224641E-01   3.3023437993648059E+01   7.1537171982352432E-02
BDmonth_12             1.2471554519942039E-01   3.3024258423884547E+01   1.8075082691367225E-01
BDmonth_13             3.1044178907422299E-02   3.3025756267316510E+01   1.9530065393960827E-01
BDmonth_14             1.0000000000000000E+00   3.3024339332569326E+01   8.5987403935444084E-01
BDmonth_15             4.9992053788016633E-01   3.3013582150726883E+01   9.4019316799230410E-02
BDmonth_16             1.5565527949980999E-02   3.3027624492829339E+01   1.3675003053494522E-01
BDmonth_17             2.4978974299007731E-01   3.3024501960947958E+01   1.5491247225933027E-01
BDmonth_18             2.4930039633167539E-01   3.3027699060743082E+01   4.3403226268826242E-02
BDmonth_19             4.9998833162480549E-01   3.3023961375125886E+01   3.8598611424469842E-01
BDmonth_20             4.9998807634143760E-01   3.3023567100055224E+01   4.9218422155141311E-01
BDmonth_21             1.2476898654724590E-01   3.3021210708803885E+01   1.6717125388235030E-01
BDmonth_22             7.4324733059991599E-02   3.3029066906972034E+01   4.8391376895135549E-02
BDmonth_23             6.2248469780871098E-02   3.3030602349978125E+01   7.2121612003816712E-02
BDmonth_24             2.4991294943021389E-01   3.3021626304294074E+01   7.9353078075978981E-02
BDmonth_25             2.4975571809078981E-01   3.3022664786899135E+01   2.3941614604682324E-01
BDmonth_26             1.2493955558413231E-01   3.3025267877456599E+01   1.1186156067775402E-01
BDmonth_27             4.9999212336282961E-01   3.3022996008214847E+01   1.4914385185988548E+00
BDmonth_28             1.2474527951208000E-01   3.3013016608180095E+01   4.6005800185444853E-02
BDmonth_29             6.2298071768537300E-02   3.3048654548714453E+01   5.3442040758693833E-02
BDmonth_30             6.1961855767751303E-02   3.3006302567751206E+01   3.0682936140034194E-02
BDmonth_31             4.9956136394471029E-01  -3.4526936141373838E+01   4.0148896585863153E-02
BDmonth_32             1.2484387113646520E-01   3.3023245834394878E+01   3.2074409982022312E-01
BDmonth_33             4.9983103841675469E-01   3.3021262205381724E+01   2.5052551392837646E-01
BDmonth_34             6.1773208024452998E-02   3.3008085570900107E+01   1.8220055569712987E-02
BDmonth_35             7.5887410419474000E-03   3.3032236245388781E+01   4.4233111158223488E-02
BDmonth_36            -7.3755468188480000E-04   3.3005146566506774E+01   2.9052639360207473E-02
BDmonth_37             1.0000000000000000E+00  -3.4516820717982768E+01   7.6353515363239741E-02
BDmonth_38             4.9993773816396397E-01   3.3024026887292472E+01   5.6126535146936475E-02
BDmonth_39             3.1114783650059000E-02   3.3023781212442415E+01   1.1355850647575100E-01
BDmonth_40             4.9999289285558901E-01   3.3017159476335905E+01   1.8584309093266518E-01
BDmonth_41             4.9985092677140991E-01   3.3023567263579970E+01   6.7273355200805873E-01
BDmonth_42             1.2492854059272419E-01   3.3030407105700291E+01   8.3017200267647306E-02
BDmonth_43             4.9971645199842041E-01   3.3007983724445793E+01   1.2192310294049895E-01
BDmonth_44             1.2486013803876619E-01   3.3026007393636696E+01   1.5613985939475358E-01
BDmonth_45            -2.1330619624699999E-05   3.3069033900915009E+01   4.2483471495839982E-02
BDmonth_46             1.0000000000000000E+00   3.3023771855994966E+01   3.8527341495980721E-01
BDmonth_47             4.9998295373771290E-01   3.3023542766054554E+01   5.4980439221122979E-01
BDmonth_48             2.4983556192625339E-01   3.3024146085793205E+01   3.8187846380224305E-01
BDmonth_49             3.7371169677287001E-03   3.3045051303409672E+01   6.0090596304677259E-02
BDmonth_50             4.9978675543529510E-01   3.3023935175491076E+01   1.3556367105818060E-01
BDmonth_51             2.4937979644932401E-01   3.3022318239589985E+01   7.4377842127076640E-02
BDmonth_52             2.5000024512229119E-01   3.3026675176900000E+01   3.0331865011419457E-01
BDmonth_53             1.0000000000000000E+00   3.3024308709252246E+01   1.3793422710322162E-01
BDmonth_54             4.9998543707255633E-01   3.3023045041679403E+01   1.4660956044076909E+00
BDmonth_55            -9.8329182991200659E-01   3.3024071997479332E+01   3.2309960856710918E+00
BDmonth_56             1.2469478327079310E-01   3.3000937694226032E+01   5.0508546830856552E-02
BDmonth_57            -2.2798795471977859E-01   3.3046473695383710E+01   3.8190986842526385E-02
BDmonth_58             3.1050341378380700E-02   3.3048236600678315E+01   3.6604646534963300E-02
BDmonth_59             4.9998967947322093E-01   3.3023575979584464E+01   2.7722683065699671E-01
BDmonth_60             7.6981105265629002E-03   3.3024111207123177E+01   3.0716156238860864E-01
BDmonth_61             1.5428360241562300E-02   3.3022461764875040E+01   2.0855544216182603E-02
BDmonth_62             2.4811796828641519E-01   3.3000308305191304E+01   3.0863591278048965E-02
BDmonth_63            -1.2467324472956889E-01   3.3054999750858343E+01   2.7020852727813533E-02
BDmonth_64             2.4951789328065060E-01   3.3028212957039194E+01   7.3923988462821402E-02
BDmonth_65             2.4995344806487371E-01   3.3026345272736584E+01   8.4573903093697306E-02
BDmonth_66             2.4977339679000909E-01   3.3023814290447433E+01   1.8829662638971728E-01
BDmonth_67             4.9983422037636832E-01   3.3024855315413738E+01   2.4156247380351240E-01
BDmonth_68             4.9999819499147541E-01   3.3024026107155827E+01   2.2701668302301550E+00
BDmonth_69             4.9990472602182662E-01   3.3022454883655769E+01   1.4943053929380673E-01
BDmonth_70             1.2472381319619349E-01   3.3013779290610785E+01   1.1809430568472594E-01
BDmonth_71             1.2489251554329060E-01   3.3025239661154941E+01   1.2379943443022887E-01
BDmonth_72             2.4934699918885131E-01   3.2996767126494113E+01   3.2749049292466692E-02
BDmonth_73             4.9999167089627439E-01   3.3023553589131112E+01   2.8386419164373644E-01
BDmonth_74             4.9998854473267551E-01   3.3023811792924519E+01   9.8490018890828512E-01
BDmonth_75             1.2472623029789510E-01   3.3023568819728482E+01   3.4135628809512081E-01
BDmonth_76             3.1172857876690701E-02   3.3029535503746921E+01   4.9210392750632492E-02
BDmonth_77             4.9978310948205240E-01   3.3018089575861318E+01   7.1767998580742384E-02
BDmonth_78             9.2714292404049998E-04   3.3024136906780193E+01   7.3565871596105337E-02
BDmonth_79             2.4997005105157930E-01   3.3023132424287063E+01   2.7813377625425206E-01
BDmonth_80             4.9999973168892109E-01   3.3024190331689759E+01   3.2496474258996288E-01
BDmonth_81             4.9998493076698231E-01   3.3023991422617478E+01   1.8998013248562826E+00
BDmonth_82             2.4982048978893720E-01   3.3067491487911468E+01   5.6147696047750564E-02
BDmonth_83             4.9980681609878153E-01   3.2995478197156899E+01   7.2351268482459430E-02
BDmonth_84             1.2454077088197160E-01   3.3017758467582226E+01   2.9530266868517646E-02
BDmonth_85             9.6230152081817788E-01   3.3003915952065697E+01   2.8673508853904187E-02
BDmonth_86             3.1163879568576199E-02   3.3025654325316772E+01   1.3573551613408971E-01
BDmonth_87             1.0000000000000000E+00   3.3023287306762697E+01   3.3189322710505664E-01
BDmonth_88             1.5469650501881101E-02   3.3001275561252200E+01   1.4663212665643806E-02
BDmonth_89            -4.9953750803207198E-01   3.3031272160116721E+01   2.8773141482359137E-02
BDmonth_90            -2.1797456223478201E-02   3.3019399199837139E+01   3.1931095074001027E-02
BDmonth_91             1.0000000000000000E+00   3.3025070209763051E+01   1.4435024205873831E-01
BDmonth_92             1.2484279891520540E-01   3.3020906424877253E+01   4.6065473015361520E-02
BDmonth_93             1.5503221187021800E-02   3.3025094608335145E+01   1.2130491759952380E-01
BDmonth_94             1.2492047592943779E-01   3.3025452488669330E+01   1.8234444984780807E-01
BDmonth_95             2.4999056969028119E-01   3.3023947391835456E+01   9.3703988513012226E-01
BDmonth_96             4.9991639138844668E-01   3.3023816310074402E+01   8.5626594926954527E-02
BDmonth_97             6.2400415580479401E-02   3.3035608242153586E+01   1.1644114159534651E-01
BDmonth_98             2.4973120655255299E-01   3.3005712207808052E+01   1.1681666716421378E-01
BDmonth_99             4.9972243024256202E-01   3.3020375781935407E+01   3.6132402661727042E-02
BDmonth_**             4.9999726440653508E-01   3.3024536136061521E+01   3.7868835330176415E-01
BDmonth_**             4.9999977291056769E-01   3.3023444072353001E+01   5.7766034120424115E-01
BDmonth_**             1.2486589161761860E-01   3.3023647937126569E+01   1.6474165898057583E-01
BDmonth_**             4.9989469733142577E-01   3.3027624637334945E+01   4.8669703113471227E-02
BDmonth_**             1.2491031513735780E-01   3.3026158681320311E+01   1.6235668455546814E-01
BDmonth_**             6.2267331590214699E-02   3.3024592554310239E+01   7.5157227683677094E-02
BDmonth_**             1.0000000000000000E+00   3.3022575211424176E+01   8.9955510982050813E-01
BDmonth_**             1.0000000000000000E+00   3.3023811249529160E+01   2.0419845092895442E-01
BDmonth_**             1.0000000000000000E+00   3.3023854382347793E+01   1.4578646141170786E+00
BDmonth_**             2.4971718680956151E-01   3.3022236324926190E+01   5.5971710754744282E-02
BDmonth_**             2.4980667787336860E-01   3.3033315765685828E+01   5.1411381868019003E-02
BDmonth_**             6.2102162370634303E-02   3.3012504588835313E+01   3.3561239160781992E-02
BDmonth_**             9.0083151550689494E-02   3.2960119993641399E+01   3.3960827298083786E-02
BDmonth_**             1.0000000000000000E+00   3.3082515801551182E+01   1.0630262022397116E-01
BDmonth_**             1.0000000000000000E+00   3.3023266356292112E+01   4.9105636471092667E-01
BDmonth_**             1.2364876367806310E-01   3.3031516415265635E+01   1.4919312427486491E-02
BDmonth_**             4.9964579434328388E-01   3.2993741238742871E+01   3.0100031256468443E-02
BDmonth_**             3.0842168633506702E-02   3.3012285839393130E+01   2.3658540345855562E-02
BDmonth_**             1.5540431795725999E-02   3.3024746283903553E+01   1.4685069391429989E-01
BDmonth_**             1.2485652665172810E-01   3.3022916087758979E+01   5.0345851465951864E-02
BDmonth_**             2.4988818106983371E-01   3.3023058237369490E+01   1.6133044074765607E-01
BDmonth_**             4.9990485614052138E-01   3.3024794154575581E+01   2.2634524810207565E-01
BDmonth_**             4.9999649755884978E-01   3.3024154872407173E+01   7.1679080372376469E-01
BDmonth_**             1.2489754779241670E-01   3.3023744248710010E+01   1.6427179381401755E-01
BDmonth_**             1.5954904531698300E-01   3.3022549236253624E+01   1.1906592011577141E-01
BDmonth_**             1.4603714156636871E-01   3.3045680140741176E+01   1.0617958397319287E-01
BDmonth_**             2.4923916021212841E-01   3.3011206945050340E+01   3.1266947105439619E-02
BDmonth_**             4.9999344506534421E-01   3.3024191259652213E+01   3.7354157061448245E-01
BDmonth_**             4.9998890339992919E-01   3.3023934681512614E+01   1.3853826447122195E+00
BDmonth_**             2.4980852588797389E-01   3.3023270596828418E+01   1.4098877955144476E-01
BDmonth_**             3.0865634376881699E-02   3.3030414916402727E+01   4.5244705343936216E-02
BDmonth_**             5.3449435206068402E-02   3.3032083300257931E+01   7.9316587932928964E-02
BDmonth_**             6.2210304378210700E-02   3.3023459476997076E+01   8.6926472723954692E-02
BDmonth_**             1.0000000000000000E+00   3.3023890521824093E+01   7.3925188853753987E-01
BDmonth_**             2.4992258358311731E-01   3.3024337436537380E+01   1.4827008229359909E-01
BDmonth_**             4.9999416781974487E-01   3.3021715198224733E+01   1.4696117264869661E+00
BDmonth_**             1.2479219363601220E-01   3.3026890889366889E+01   5.2572567725040202E-02
BDmonth_**             4.9978621383245903E-01   3.3029052927843217E+01   5.1783084589589905E-02
BDmonth_**             3.0570985054676300E-02   3.3031702104443326E+01   2.9139888128484455E-02
BDmonth_**            -9.9893078873404706E-02   3.3037497084536597E+01   3.1039400318575973E-02
BDmonth_**             1.0000000000000000E+00   3.3019350938482567E+01   1.0427565011052541E-01
BDmonth_**             4.9990205873613758E-01   3.3021518952401379E+01   2.5036366774690288E-01
BDmonth_**             2.4432420691914439E-01   3.2981074817724867E+01   1.2428772590428145E-02
BDmonth_**             6.2352910620336398E-02   3.3008162325914590E+01   3.2319108689435848E-02
BDmonth_**             2.0460099284481731E-01   3.2997988457264562E+01   2.7921737602889289E-02
BDmonth_**             4.9985088320518162E-01   3.3024560149941436E+01   7.5877610078085064E-02
BDmonth_**             6.2397454040620998E-02   3.3035930007480225E+01   4.6880310453243035E-02
BDmonth_**             4.9989566782225991E-01   3.3025965736196966E+01   9.8648092881420513E-02
BDmonth_**             1.0000000000000000E+00   3.3024726494095823E+01   2.7754696957617286E-01
BDmonth_**             1.0000000000000000E+00   3.3024067927718278E+01                      NaN
BDmonth_**             3.1256773702982001E-02   3.3022154863246094E+01   7.6572559984829924E-02
BDmonth_**            -6.2093033052065802E-02   3.3035549239504014E+01   1.1065227505569902E-01
BDmonth_**             4.9999611730342808E-01   3.3030018373655601E+01   1.0806563764171198E-01
BDmonth_**             3.1149231951340998E-02   3.3027134639167798E+01   4.2369664864088906E-02
BDmonth_**             4.9998431641785629E-01   3.3023806665854764E+01   6.4748014701717438E-01
BDmonth_**             4.9999906598721322E-01   3.3023916855695660E+01   1.3476413168271446E+00
BDmonth_**             4.9990410897629628E-01   3.3029111166226777E+01   1.4949285107687529E-01
BDmonth_**             4.9994662666756878E-01   3.3026813443463411E+01   4.4724618755560455E-02
BDmonth_**             2.4980584375544429E-01   3.3029470628356826E+01   1.3834522398936583E-01
BDmonth_**             1.2481422464363820E-01   3.3022266135822733E+01   7.3742898491697392E-02
BDmonth_**             2.4991077847572771E-01   3.3023458968864574E+01   3.0077403240968148E-01
BDmonth_**             4.9997466240621652E-01   3.3024044954898727E+01   4.2206537342601919E-01
BDmonth_**             4.9999899445782281E-01   3.3023343301738251E+01   1.4557801831483734E+00
BDmonth_**             5.1418204139830304E-01   3.3033268779633197E+01   4.1183180639677110E-02
BDmonth_**             1.5782491930303019E-01   3.3031011056467548E+01   5.1146815467124705E-02
BDmonth_**             4.1293142525815799E-02   3.3007116431198341E+01   3.0786382843773937E-02
BDmonth_**             2.6465473009392643E-01   3.3017771774847020E+01   3.6083177492662377E-02
BDmonth_**             2.4989532507235249E-01   3.3027418258893995E+01   1.1444250011032897E-01
BDmonth_**             4.9989859491267580E-01   3.3023597259568405E+01   4.6933892471366306E-01
BDmonth_**            -1.2515906153643910E-01   3.3029646106353987E+01   2.3286697497131713E-02
BDmonth_**             2.4962367916768921E-01   3.3017820594320249E+01   4.1955239470205186E-02
BDmonth_**             2.0066445725051899E-02   3.3022317258742952E+01   3.0329592818938527E-02
BDmonth_**             2.4951001641290360E-01   3.3006645882207749E+01   7.5694079264287381E-02
BDmonth_**            -1.6143914009852070E-01   3.3020572501475172E+01   6.5273897482347132E-02
BDmonth_**             2.4995344358684549E-01   3.3022436006453901E+01   1.1404265868304453E-01
BDmonth_**             4.9996719909134529E-01   3.3023757277675507E+01   4.3140722823052668E-01
BDmonth_**             1.0000000000000000E+00   3.3024320891238411E+01   1.0125237119888724E+00
BDmonth_**             2.4980253384584691E-01   3.3023862461179903E+01   1.2663977231918977E-01
BDmonth_**             1.2471788949108790E-01   3.3037148902442844E+01   1.2054284892908632E-01
BDmonth_**             6.2247392062012699E-02   3.3036823915709427E+01   1.1280904207539758E-01
BDmonth_**             3.0989533808564701E-02   3.3027261867744159E+01   4.1581629357746043E-02
BDmonth_**             1.0000000000000000E+00   3.3024056759690815E+01   4.1135409198545592E-01
BDmonth_**             4.9998303646789638E-01   3.3023889390450918E+01   1.2453898244156816E+00
BDmonth_**             1.2481769613640120E-01   3.3022213300636700E+01   1.3809964305325040E-01
BDmonth_**             1.2459537659495951E-01   3.3023527417730726E+01   5.1144596487096412E-02
BDmonth_**             4.9971253269267690E-01   3.3024241359002268E+01   1.9572828349545546E-01
BDmonth_**             2.4924780439175520E-01   3.3016584839911545E+01   8.1304508294414754E-02
BDmonth_**             1.5605104254948699E-02   3.3024035600968915E+01   1.8798757960347880E+00
BDmonth_**             4.9996502124432868E-01   3.3023666063382258E+01   5.4975169328619777E-01
BDmonth_**             4.9999381060709591E-01   3.3024197629802309E+01   1.6368156122500472E+00
BDmonth_**             2.4990142928823689E-01   3.3018351161362283E+01   5.5817662477082849E-02
BDmonth_**             3.7801758627981998E-03   3.3031690436974060E+01   5.3035047564579531E-02
BDmonth_**             1.0392580300359300E-02   3.3025839911170486E+01   3.6016494131285000E-02
BDmonth_**             6.2251494875677500E-02   3.3028204194714050E+01   3.6287694956803743E-02
BDmonth_**             4.9984493303135302E-01   3.3018789508871585E+01   1.7297324702298136E-01
BDmonth_**             4.9987425816650249E-01   3.3023827710633675E+01   6.4326599283590891E-01
BDmonth_**             1.6497742745875000E-03   3.3006137083154528E+01   1.8109582838683913E-02
BDmonth_**             2.4968654755970621E-01   3.3025851284979154E+01   4.0217597767629572E-02
BDmonth_**             3.0791209187828902E-02   3.2997917710653141E+01   2.4420518016273967E-02
BDmonth_**             2.4946025465651270E-01   3.3022274790013128E+01   8.9401721460656669E-02
BDmonth_**             4.9970123219260382E-01   3.3023998865854502E+01   4.9781443497681710E-02
BDmonth_**             6.2330248677801403E-02   3.3021920907315739E+01   1.1129209677581454E-01
BDmonth_**             1.0000000000000000E+00   3.3023931457861003E+01   3.8785837344431928E-01
BDmonth_**             4.9999841818719282E-01   3.3024068356628334E+01                      NaN
BDmonth_**             4.9976404996103307E-01   3.3025798094760738E+01   8.7799763608683329E-02
BDmonth_**             3.1107477816828700E-02   3.3030523462896078E+01   1.1126789127937313E-01
BDmonth_**             2.9572384473423641E-01   3.3062551729491290E+01   1.0785983647720301E-01
BDmonth_**             2.4899370563216461E-01   3.3025552755841304E+01   3.6258798176203332E-02
BDmonth_**             1.0000000000000000E+00   3.3024382117520481E+01   5.5197531620709983E-01
BDmonth_**             4.9999413793506448E-01   3.3023960482644618E+01   2.4495850566304038E+00
BDmonth_**             2.4971566001700130E-01   3.3023667167536956E+01   1.3674748879123963E-01
BDmonth_**             3.0911339860715901E-02   3.3032600909994471E+01   4.3711371364987317E-02
BDmonth_**             1.2475607353050380E-01   3.3025447666646976E+01   1.1313208849885750E-01
BDmonth_**             1.5447599679253901E-02   3.3016831700649512E+01   7.0641272226854096E-02
BDmonth_**             4.9990544825028038E-01   3.3024080436650713E+01   6.0032048911336167E-01
BDmonth_**             4.9999201654141212E-01   3.3025891294211739E+01   1.4101854080362616E-01
BDmonth_**             4.9999540964018740E-01   3.3023756495033979E+01   1.4861124761079134E+00
BDmonth_**             4.9980892977635227E-01   3.3026519382531319E+01   1.4458673326198299E-01
BDmonth_**             2.4987523679738519E-01   3.3031991284324697E+01   5.4636572068867621E-02
BDmonth_**            -6.2491658828020200E-02   3.3017307235101129E+01   3.5800988672894954E-02
BDmonth_**             2.4961515917142979E-01   3.3022778361495590E+01   3.9590083702347255E-02
BDmonth_**             2.4998259188429270E-01   3.3021257486655934E+01   1.2736796136384057E-01
BDmonth_**             4.9986081183247022E-01   3.3023036913970067E+01   2.9115403358177838E-01
BDmonth_**             1.5313529128135699E-02   3.3008298455894121E+01   1.8214432313655275E-02
BDmonth_**             2.4954141351134460E-01   3.3003760280229521E+01   3.2560404389428442E-02
BDmonth_**             1.2461179539953431E-01   3.3023278223249122E+01   2.9557774747390173E-02
BDmonth_**             6.2405980585042202E-02   3.3035851526045725E+01   7.5567201851705790E-02
BDmonth_**             2.4981440419882850E-01   3.3024049959098576E+01   7.8898437811444358E-02
BDmonth_**             2.4995119909170710E-01   3.3042308887860287E+01   1.1550001226537955E-01
BDmonth_**             2.4964093176542559E-01   3.3024699818496401E+01   2.9261128950578758E-01
BDmonth_**             4.9999782756572481E-01   3.3024082984085936E+01   2.1027180320896548E+00
BDmonth_**             4.9973345894026888E-01   3.3017947187012318E+01   8.9413793402992506E-02
BDmonth_**             1.2452785933450911E-01   3.3027622068986382E+01   1.2099258761225870E-01
BDmonth_**             4.9986464273845382E-01   3.3018529700338554E+01   1.6302427192558810E-01
BDmonth_**             6.2014948805861801E-02   3.3035698496309259E+01   3.6816783445498692E-02
BDmonth_**             4.9999358140141281E-01   3.3024000068786776E+01   5.0580051538723325E-01
BDmonth_**             4.9998252806330928E-01   3.3024086680718106E+01   8.8994993617496476E-01
BDmonth_**             2.4977288790920760E-01   3.3023883270207406E+01   1.6402064993053442E-01
BDmonth_**             6.2358694088535602E-02   3.3016480984737115E+01   6.1596942904457656E-02
BDmonth_**             3.1096374400748000E-02   3.3025171751587415E+01   8.1442156549925829E-02
BDmonth_**             1.5376766890286900E-02   3.3019265790763242E+01   7.5230583413903276E-02
BDmonth_**             1.0000000000000000E+00   3.3023529958803003E+01   2.4422847582310522E-01
BDmonth_**             4.9997188790840108E-01   3.3022062197016567E+01   1.9327685340645051E-01
BDmonth_**             4.9999867131577641E-01   3.3024306285045519E+01   1.4510647606950580E+00
BDmonth_**             4.9989766484246861E-01   3.3025586736756154E+01   1.0187095855392857E-01
BDmonth_**             1.2489971326487680E-01   3.3017650273186128E+01   5.5534721257646490E-02
BDmonth_**            -3.0682059534309319E-01   3.3036109556419234E+01   4.6122837960225961E-02
BDmonth_**             1.0000000000000000E+00   3.3015672630971821E+01   4.0640231312876154E-02
BDmonth_**             4.9990348683427549E-01   3.3020782149202695E+01   1.4495328862082793E-01
BDmonth_**             2.4969496750492071E-01   3.3020725311922831E+01   2.4459484719527799E-01
BDmonth_**             6.8393076303996006E-02   3.2994963672973334E+01   1.8100293134181600E-02
BDmonth_**             1.2467801784288331E-01   3.3016412130884582E+01   3.7808110452847786E-02
BDmonth_**             1.2471904136465710E-01   3.3015149428624369E+01   3.3859961870815809E-02
BDmonth_**             1.2473946408837019E-01   3.3023198566926531E+01   8.9196839620680993E-02
BDmonth_**             1.2482029832768940E-01   3.3023226018582768E+01   1.9265516832734025E-01
BDmonth_**             2.4985130483899171E-01   3.3024537683560780E+01   1.0562800651089804E-01
BDmonth_**             2.4983200705320729E-01   3.3024231986100482E+01   2.5274183414467449E-01
BDmonth_**             4.9999725127888178E-01   3.3023832760087501E+01   1.8713742223501328E+00
BDmonth_**             2.4986662666597631E-01   3.3025042024348515E+01   1.4515372207757085E-01
BDmonth_**             4.9991793125224909E-01   3.3025023199716358E+01   1.5758448155806429E-01
BDmonth_**             4.9982295368433988E-01   3.3022035230170587E+01   1.2560662657591068E-01
BDmonth_**             4.9943522073379482E-01   3.3024850703776153E+01   5.6015666770096229E-02
BDmonth_**             4.9998993492890692E-01   3.3022929484310325E+01   3.9475644515150698E-01
BDmonth_**             4.9999101412377078E-01   3.3023484133280462E+01   5.8667588273870230E-01
BDmonth_**             1.2480366395922141E-01   3.3023747099139598E+01   6.2072811121558302E-01
BDmonth_**             6.2091322493470297E-02   3.3029377141337640E+01   5.8457646904939681E-02
BDmonth_**             1.0000000000000000E+00   3.3023958035655184E+01   9.7201753994317505E-02
BDmonth_**             4.9985721245371839E-01   3.3014748767958210E+01   7.7507546003316122E-02
BDmonth_**             1.0000000000000000E+00   3.3024292970707094E+01   2.6406439342053389E-01
BDmonth_**             4.9997023064586249E-01   3.3023258423309358E+01   2.5393004511243106E-01
BDmonth_**             4.9998367948399353E-01   3.3034044460354956E+01   1.4801501414996507E+00
BDmonth_**             1.2481160236784780E-01   3.3026099920160156E+01   9.4614752441106245E-02
BDmonth_**             6.2366316988342697E-02   3.3024349559829560E+01   5.1138569077913254E-02
BDmonth_**             2.0074037031117350E-01   3.3000910256917308E+01   3.3821375246144772E-02
BDmonth_**             2.4954543142527821E-01   3.3020318281556236E+01   6.1833690159664022E-02
BDmonth_**             1.2479831087540739E-01   3.3019767489951050E+01   1.0656566267807591E-01
BDmonth_**             4.9993954052168688E-01   3.3023086071591308E+01   2.7937289921510394E-01
BDmonth_**             6.1922746399119301E-02   3.3003273279522148E+01   2.0999752663516794E-02
BDmonth_**             6.1967951503250102E-02   3.3015958450112130E+01   3.2573159068552862E-02
BDmonth_**             7.6215423595089003E-03   3.3037317176596552E+01   2.9047153678992771E-02
BDmonth_**             4.9997963261726458E-01   3.3023884714815303E+01   2.1483683983346424E-01
BDmonth_**             1.8698098724972000E-03   3.3023983340366094E+01   8.2656745981791346E-02
BDmonth_**             2.4987923680741550E-01   3.3026603794710105E+01   1.1301199518217545E-01
BDmonth_**             1.2487930364616560E-01   3.3025468818216623E+01   1.7954982601062194E-01
BDmonth_**             1.0000000000000000E+00   3.3024181895189479E+01   9.4180995138835244E-01
BDmonth_**             4.9991661814075677E-01   3.3021999746949000E+01   8.9985030085943843E-02
BDmonth_**             3.1053970513952402E-02   3.3023800706046238E+01   1.2927618346271100E-01
BDmonth_**             4.9990427425453282E-01   3.3023140817380664E+01   2.7558274924723403E-01
BDmonth_**             1.2459788280689700E-01   3.3016069786771780E+01   4.2709194575550016E-02
BDmonth_**             4.9998880286174158E-01   3.3024493946263007E+01   3.0069963827786322E-01
BDmonth_**             1.2494246698024219E-01   3.3022769548273814E+01   6.7858121188855014E-01
BDmonth_**             4.9995289343786231E-01   3.3022742995260522E+01   2.0174188035213395E-01
BDmonth_**             6.2365630235329400E-02   3.3029453584495869E+01   4.7955500533263078E-02
BDmonth_**             6.2250830718903402E-02   3.3023609994102692E+01   8.4146488849589543E-02
BDmonth_**             6.2415153380149302E-02   3.3026487104169590E+01   8.2404831936424630E-02
BDmonth_**             4.9999339551103011E-01   3.3024158935955640E+01   2.5125954290481528E-01
BDmonth_**             4.9998880669973972E-01   3.3023500292146117E+01   4.7307661561657338E-01
BDmonth_**             2.4997662585110569E-01   3.3026796156037499E+01   1.4648335088047144E+00
 BD_CDiag01            1.6097676953638901E-01   3.3051161903210684E+01   8.9434965979747483E-03
 BD_CDiag02            1.1710080427575644E+00   3.2902870486071905E+01   1.1623674294636665E-02
 BD_CDiag03            1.6854415753801569E-01   3.2936209174023645E+01   5.1125702889593420E-03
 BD_CDiag04            3.3515540742518107E-01  -3.4563253033880301E+01   6.1087847865466255E-03
 BD_CDiag05            1.1592350276217096E-04   3.2958533467521946E+01   1.4309903532996512E-02
 BD_CDiag06            7.4462844262295969E-01   3.3006284735436630E+01   5.6561382341207840E-02
 BD_CDiag07            1.4245942399748013E-01  -8.5701031131644328E+01   1.0223034410223742E-06
 BD_CDiag08            8.7433779637970915E-02   3.3023455573287229E+01   5.3720986316382040E-03
 BD_CDiag09            2.4998260713997539E-01  -3.2384749755189084E+01   4.6870222538123981E-03
 BD_CDiag10            8.4687723974287421E-01   3.3019055283987868E+01   1.9683606462156753E-02
 BD_CDiag11            8.5142187614356368E-01   3.2998200095660657E+01   1.3862870361509488E-02
 BD_CDiag12            4.1751518198542081E-01   3.2969404756275878E+01   1.5485313609562125E-02
 BD_CDiag13            8.9858691404856050E-01   3.3031065991713625E+01   6.6618171202265819E-02
 BD_CDiag14            1.1592350276222705E-04   3.3023412722660950E+01   3.2037199245992803E-01
 BD_CDiag15            5.5357349830073721E-01   3.2989965119822081E+01   1.7363585686182733E-02
 BD_CDiag16            1.1656510750281363E-01   3.3070426006130624E+01   1.0881102402268790E-02
 BD_CDiag17            2.0304044343499794E-01   3.2917827887009075E+01   1.0812060686874929E-02
 BD_CDiag18            3.1516279048579560E-01   3.2970971511994222E+01   8.2499742917561455E-03
 BD_CDiag19            1.2000000000000000E+00   3.3023087258334897E+01   1.4770974578349211E-01
 BD_CDiag20            2.5879013207357882E-01   3.3025767562315821E+01   1.7429602318432558E-01
 BD_CDiag21            5.4171660410010292E-01   3.2963570544249436E+01   1.3244089315386277E-02
 BD_CDiag22            5.7242680436530399E-02   3.2924922137981106E+01   6.2311928617887185E-03
 BD_CDiag23            1.1813773480558265E-01   3.5327895366075637E+01   1.7992144166465392E-02
 BD_CDiag24            5.3848057054980936E-01   3.2973392789958119E+01   9.8606883804731871E-03
 BD_CDiag25            1.2000000000000000E+00   3.3026776063303259E+01   1.5854156122781321E-01
 BD_CDiag26            7.4641606511599323E-01   3.3037534125939843E+01   1.6008438311897299E-02
 BD_CDiag27            9.9061413336130999E-01   3.3044459409846660E+01   8.4589528925108126E-02
BD_COffDi01            2.5041057347048348E+00   3.3060825350888607E+01   2.5518878622876329E-03
BD_COffDi02            2.8260323838027768E+00   3.3019904059980199E+01   3.2035919438695645E-02
BD_COffDi03            2.8253816462318877E+00  -3.4570907683994001E+01   1.3841831070200631E-02
BD_COffDi04            5.6882571344698418E-01   3.3023980684964855E+01   1.4794286023925578E+00
BD_COffDi05            1.6850386567246172E+00   3.3028921890267817E+01   6.6062315006096092E-02
BD_COffDi06            2.8257926125063997E+00   3.5294265195459396E+01   2.3362788180386132E-02
BD_COffDi07            2.5065926514887642E+00   3.3015954054587674E+01   5.0090282120865512E-02
BD_COffDi08            2.0268631230946297E+00   3.3056521701623190E+01   1.0222554708551448E-02
BD_COffDi09            1.9121824482920433E+00  -3.4466825511219838E+01   2.3371389354462518E-02
BD_COffDi10            2.2895941612186812E+00   3.3032324801721501E+01   8.3818192474601240E-03
BD_COffDi11            4.8364306032412474E-01   3.3007414175825495E+01   6.0335203951182623E-02
BD_COffDi12            1.6979486559816563E+00   3.3051693984405887E+01   6.8617596727266000E-02
BD_COffDi13            4.8629582091324414E-01   3.3024071822233694E+01                      NaN
BD_COffDi14            2.6115140549877869E+00   3.3003030142253856E+01   2.1248637924733565E-02
BD_COffDi15            1.1685071361723274E+00   3.3031736185204331E+01   1.2071593984775109E-01
BD_COffDi16            2.6955100791625548E+00   3.3020032860602036E+01   3.6329107559623076E-02
BD_COffDi17            2.8260267300097111E+00   3.3050599965883869E+01   2.1171934219600227E-02
BD_COffDi18            1.9561364977542153E+00   3.3028314606949365E+01   7.7805538153870618E-02
BD_COffDi19            2.5080917598804446E+00   3.3026143686330663E+01   5.5116405451578965E-01
BD_COffDi20            5.2578549498189930E-01   3.3013188433093411E+01   5.8783224263468291E-02
BD_COffDi21            4.9307345608807024E-01   3.3021483083652583E+01   1.7535808681509704E-01
BD_COffDi22            4.8580524771668054E-01   3.5313301416075674E+01   1.0944327498499250E-01
BD_COffDi23            2.1339028212140660E+00   3.5362203204940066E+01   1.2786693765642416E-02
BD_COffDi24            1.9715325463394302E+00   3.3020883632393918E+01   4.3126535267287658E-02
BD_COffDi25            4.9305641412668605E-01   3.3027995439050542E+01   5.9140291027544672E-02
BD_COffDi26            2.5441142748306698E+00   3.3066166323252780E+01   9.7509656497395972E-02
  Likelihood -4.440    
        nobs      15000
   No. Parms        740
         BIC  7107.    
  Max. Grad.  85.70    
   Min. Eig. 0.1551E-01
