           Var. Name                       x0                        x                 Gradient
             MUE(01)       0.140042752547D+01       0.131320082240D+01       0.246546357793D-01
             MUE(02)      -0.684854732167D+00      -0.756090089559D+00       0.128202835609D+00
             MUE(03)      -0.837179006794D-01      -0.843444529401D-01      -0.804478657288D-02
             MUE(04)       0.201929398050D+01       0.201467774070D+01       0.171420847742D-01
             MUE(05)       0.528775588096D+01       0.525981208518D+01       0.763348238438D-01
        InvCDiag(01)       0.514076944156D+00       0.583219994513D+00       0.485276941715D+00
        InvCDiag(02)       0.979330831733D+00       0.858465083283D+00       0.120497921114D-01
        InvCDiag(03)       0.956900206698D+00       0.720839244720D+00       0.428916849139D+00
        InvCDiag(04)       0.636906436112D+00       0.595808589339D+00      -0.863143330033D-01
        InvCDiag(05)       0.701767132158D+00       0.657909728090D+00      -0.171792892372D+00
     InvCOffDiag(01)       0.157079632679D+01       0.173774759761D+01       0.164580373121D+00
     InvCOffDiag(02)       0.157079632679D+01       0.155726649122D+01      -0.294943784419D-01
     InvCOffDiag(03)       0.157079632679D+01       0.150040268841D+01      -0.143585896830D+00
     InvCOffDiag(04)       0.157079632679D+01       0.159278333555D+01      -0.246245701604D+00
     InvCOffDiag(05)       0.157079632679D+01       0.156690987672D+01      -0.920466347579D-01
     InvCOffDiag(06)       0.157079632679D+01       0.178362838657D+01       0.395080796856D-01
     InvCOffDiag(07)       0.157079632679D+01       0.154752783087D+01       0.114505359610D+00
     InvCOffDiag(08)       0.157079632679D+01       0.161215811031D+01       0.172204947590D+00
     InvCOffDiag(09)       0.157079632679D+01       0.149411458943D+01      -0.513253992801D-01
     InvCOffDiag(10)       0.157079632679D+01       0.130047601095D+01       0.645752456256D-01
         BD_beta(01)      -0.441654281956D+00      -0.479274995396D+00      -0.221085075377D-01
         BD_beta(02)      -0.190206441926D+01      -0.202491050038D+01       0.849905628811D-01
         BD_beta(03)      -0.547588946105D+00      -0.394429673205D+00      -0.185158208431D+00
         BD_beta(04)      -0.112741654310D+01      -0.106800394366D+01      -0.145868701297D+00
         BD_beta(05)       0.760921611947D+00       0.758407431317D+00       0.265770335813D-01
         BD_beta(06)      -0.494903358587D+00      -0.524424092738D+00       0.522868562922D-01
         BD_beta(07)       0.426133239866D+00       0.521378590818D+00      -0.248843427312D+00
         BD_beta(08)       0.569202339970D+00       0.628977888719D+00      -0.876796333128D-01
         BD_beta(09)       0.101822941318D+01       0.105237912111D+01      -0.359843772778D-01
         BD_beta(10)      -0.221315406062D+00      -0.259176792570D+00       0.637666673022D-01
         BD_beta(11)       0.746482005343D+00       0.714413468908D+00       0.685328954633D-01
         BD_beta(12)      -0.405554765872D+00      -0.380091731252D+00      -0.393873464924D-01
         BD_beta(13)      -0.473354271618D+00      -0.545363915709D+00       0.201431488120D+00
         BD_beta(14)      -0.119496428318D+01      -0.118781843496D+01      -0.585429730293D-01
         BD_beta(15)       0.207166802175D+00       0.189003163675D+00       0.452247303099D-01
         BD_beta(16)       0.583740577129D+00       0.555189358313D+00       0.159179517923D-01
         BD_beta(17)      -0.504953980835D+00      -0.514551394494D+00      -0.435160877696D-02
         BD_beta(18)      -0.431639760979D+00      -0.444240944136D+00       0.117605860069D-01
         BD_beta(19)      -0.302158508368D+00      -0.305606626348D+00      -0.159111122800D+00
         BD_beta(20)      -0.890968013156D+00      -0.906537006685D+00      -0.123245204809D+00
         BD_beta(21)       0.111812859932D+01       0.112546068817D+01       0.174757323251D-01
         BD_beta(22)       0.279139568000D+00       0.263770309088D+00       0.257486415073D-01
         BD_beta(23)      -0.499367684801D+00      -0.509834690551D+00       0.401536184731D-02
         BD_beta(24)      -0.828809308169D-01      -0.111398936958D+00      -0.627352728214D-02
         BC_beta(01)       0.508071497467D+00       0.501277462465D-01       0.423009886508D-01
         BC_beta(02)       0.138306808242D+01       0.120210948056D+01       0.426501294932D-02
         BC_beta(03)       0.661100274875D+00       0.490014205591D+00      -0.896050841827D-01
         BC_beta(04)      -0.888513352533D-01      -0.158771760955D+00      -0.730618671969D-01
         BC_beta(05)       0.140919134416D+00       0.134743447436D+00       0.396538976592D+00
         BC_beta(06)      -0.432834241622D+00      -0.399167984873D+00       0.455100617070D+00
         BC_beta(07)      -0.322217097460D+00      -0.341548099839D+00       0.396209663470D+00
         BC_beta(08)      -0.149417564710D+01      -0.140369140628D+01       0.727302984405D+03
         BC_beta(09)      -0.118123528328D+01      -0.118121857209D+01       0.270852835253D-01
         BC_beta(10)      -0.115051035581D+01      -0.126204367251D+01      -0.589810753616D-02
         BC_beta(11)      -0.287335613154D+01      -0.288288501865D+01       0.717666507396D-02
         BC_beta(12)       0.227763136928D+01       0.229509396723D+01      -0.949131009455D-01
         BC_beta(13)      -0.139789438864D+01      -0.136667442833D+01      -0.110802085332D+00
         BC_beta(14)      -0.807649755967D+00      -0.852264236476D+00       0.906618234754D-02
         BC_beta(15)       0.435328551574D+00       0.362325840171D+00       0.146666870730D-01
         BC_beta(16)      -0.164786770017D+01      -0.165810916732D+01       0.164559426451D-01
         BC_beta(17)       0.345431003330D-01       0.623438050904D-02      -0.722493795924D-02
         BC_beta(18)       0.546959897192D+00       0.492793628385D+00       0.121235520821D+00
         BC_beta(19)      -0.158400933932D+01      -0.158412143532D+01      -0.779209437164D-02
         BC_beta(20)      -0.113510865508D+01      -0.112957204252D+01      -0.592322539477D-01
         BC_beta(21)      -0.711144749211D+00      -0.728428664503D+00      -0.573592387493D-01
         BC_beta(22)       0.166810395817D+00       0.153679159961D+00       0.155056340762D-01
         BC_beta(23)       0.132312006794D-01      -0.680079975508D-01       0.242802388335D-01
        BD_CDiag(01)       0.787186849860D-03       0.129095081662D-01      -0.267333105814D-01
        BD_CDiag(02)       0.897416613211D+00       0.875244619311D+00      -0.244491741651D-02
        BD_CDiag(03)       0.946176839240D+00       0.816613621995D+00       0.170768803125D+00
        BD_CDiag(04)       0.999885338701D+00       0.995548397318D+00      -0.239958832467D+00
        BD_CDiag(05)       0.639721917413D-01       0.700006248213D-01       0.929088128681D-01
        BD_CDiag(06)       0.729603540386D-03       0.613964034341D-02       0.266868387820D-01
        BD_CDiag(07)       0.335123585373D+00       0.261018364426D+00       0.176740899580D+00
        BD_CDiag(08)       0.328934385294D+00       0.277236155569D+00       0.123300106509D-01
        BD_CDiag(09)       0.303697147155D+00       0.231320945117D+00       0.430180594164D+00
        BD_CDiag(10)       0.595960987517D+00       0.568037172582D+00       0.163897916606D+00
        BD_CDiag(11)       0.685957481160D+00       0.628815917868D+00       0.153367200064D+00
        BD_CDiag(12)       0.409580805219D+00       0.380581357549D+00      -0.537813974318D-01
        BD_CDiag(13)       0.745157679987D-03       0.597900284329D-01      -0.106462285478D+00
        BD_CDiag(14)       0.392230012912D+00       0.322665443588D+00      -0.161252294327D+00
        BD_CDiag(15)       0.320354879368D+00       0.269094710315D+00       0.726244441142D-01
        BD_CDiag(16)       0.492735783342D+00       0.414173771243D+00       0.185405600940D+00
        BD_CDiag(17)       0.316337661499D+00       0.315568150520D+00      -0.409084900232D-01
        BD_CDiag(18)       0.218961386060D+00       0.215029991082D+00      -0.247490223137D-02
        BD_CDiag(19)       0.914121080134D+00       0.867498479372D+00       0.291923177275D-01
        BD_CDiag(20)       0.822998855080D+00       0.788684122445D+00       0.825008190521D-01
        BD_CDiag(21)       0.225615649654D+00       0.236185474884D+00       0.767141545952D-01
        BD_CDiag(22)       0.210454349858D-01       0.336396612517D-01       0.847700422797D-02
        BD_CDiag(23)       0.185084380397D+00       0.162698655930D+00       0.443169182581D-01
        BD_CDiag(24)       0.175507674259D+00       0.176276120024D+00      -0.322743236110D-01
     BD_COffDiag(01)       0.000000000000D+00      -0.165354151728D-01      -0.896087716954D-05
     BD_COffDiag(02)       0.000000000000D+00      -0.165354306513D-01      -0.896081423414D-05
     BD_COffDiag(03)       0.000000000000D+00      -0.165354557630D-01      -0.896071981435D-05
     BD_COffDiag(04)       0.000000000000D+00      -0.165354363891D-01      -0.896040599036D-05
     BD_COffDiag(05)       0.000000000000D+00      -0.165354739278D-01      -0.896082955239D-05
     BD_COffDiag(06)       0.000000000000D+00      -0.165354896681D-01      -0.896062531705D-05
     BD_COffDiag(07)       0.000000000000D+00      -0.165353830500D-01      -0.896095595140D-05
     BD_COffDiag(08)       0.000000000000D+00      -0.165354867620D-01      -0.896076664031D-05
     BD_COffDiag(09)       0.000000000000D+00      -0.165354923204D-01      -0.896078229105D-05
     BD_COffDiag(10)       0.000000000000D+00      -0.165354427432D-01      -0.896095542519D-05
     BD_COffDiag(11)       0.000000000000D+00      -0.165354275082D-01      -0.896067296420D-05
     BD_COffDiag(12)       0.000000000000D+00      -0.165354835252D-01      -0.896053117277D-05
     BD_COffDiag(13)       0.000000000000D+00      -0.165354385905D-01      -0.896070426598D-05
     BD_COffDiag(14)       0.000000000000D+00      -0.165354394603D-01      -0.896087695544D-05
     BD_COffDiag(15)       0.000000000000D+00      -0.165354064737D-01      -0.896053185196D-05
     BD_COffDiag(16)       0.000000000000D+00      -0.165354876137D-01      -0.896082943175D-05
     BD_COffDiag(17)       0.000000000000D+00      -0.165354302016D-01      -0.896064154098D-05
     BD_COffDiag(18)       0.000000000000D+00      -0.165354479627D-01      -0.896081408154D-05
     BD_COffDiag(19)       0.000000000000D+00      -0.165354935330D-01      -0.896081367983D-05
     BD_COffDiag(20)       0.000000000000D+00      -0.165354176672D-01      -0.896051605356D-05
     BD_COffDiag(21)       0.000000000000D+00      -0.165354568785D-01      -0.896018601341D-05
     BD_COffDiag(22)       0.000000000000D+00      -0.165354740612D-01      -0.896100224833D-05
     BD_COffDiag(23)       0.000000000000D+00      -0.165354393875D-01      -0.896064146000D-05
        BC_CDiag(01)       0.435799591064D+00       0.786160582917D+00       0.375677269977D-01
        BC_CDiag(02)       0.799921687974D+00       0.789916182410D+00      -0.123835133653D+00
        BC_CDiag(03)       0.277631764687D+00       0.249974569134D+00       0.154736483191D+00
        BC_CDiag(04)       0.101304072781D+00       0.123251054418D-02       0.245401741011D+00
        BC_CDiag(05)       0.771625270026D-01       0.557287079920D-01      -0.597049824337D-01
        BC_CDiag(06)       0.731748598100D-01       0.815583508276D-01       0.170798997163D+00
        BC_CDiag(07)       0.315304396123D+00       0.295413931266D+00      -0.215070772674D-02
        BC_CDiag(08)       0.259337291571D+00       0.267672404401D+00       0.171444314717D-01
        BC_CDiag(09)       0.332201136543D+00       0.347521297119D+00      -0.462720219320D-02
        BC_CDiag(10)       0.216486317736D+00       0.213287082623D+00      -0.789059778296D-02
        BC_CDiag(11)       0.254129715437D+00       0.242455525327D+00      -0.537958201015D-02
        BC_CDiag(12)       0.356019810484D+00       0.340344206638D+00      -0.507448572081D-01
        BC_CDiag(13)       0.161662913720D+00       0.156894103722D+00       0.525785348459D-01
        BC_CDiag(14)       0.184712484092D+00       0.172221649004D+00       0.432790491775D-01
        BC_CDiag(15)       0.472281138887D+00       0.575475653022D+00       0.133791416172D-01
        BC_CDiag(16)       0.413610219809D+00       0.332597858773D+00      -0.146007940038D+00
        BC_CDiag(17)       0.799966493594D+00       0.797794553504D+00       0.862203308576D-01
        BC_CDiag(18)       0.687117004047D+00       0.574232447671D+00      -0.293084902654D-01
        BC_CDiag(19)       0.373459704719D+00       0.191291763581D+00       0.193043606607D+00
        BC_CDiag(20)       0.351505633092D+00       0.331708128199D+00       0.231712878074D+00
        BC_CDiag(21)       0.465272305943D+00       0.493711243271D+00      -0.182353136011D+00
        BC_CDiag(22)       0.172076707692D+00       0.137580927970D+00       0.447185559343D+00
        BC_CDiag(23)       0.502105950184D+00       0.427530762873D+00      -0.159637333135D+00
        BC_CDiag(24)       0.217648429407D+00       0.263621126927D+00      -0.223655508862D+00
        BC_CDiag(25)       0.389186505801D+00       0.367919226002D+00      -0.213161639057D-01
        BC_CDiag(26)       0.116407141194D+00       0.130967597995D+00       0.154559532215D+04
        BC_CDiag(27)       0.918777464826D-01       0.740896827696D-01       0.102729396440D+00
        BC_CDiag(28)       0.747771589266D+00       0.735289685327D+00      -0.179613488470D-01
        BC_CDiag(29)       0.452167984223D+00       0.519064955864D+00       0.154843583254D-01
        BC_CDiag(30)       0.101527379161D+00       0.151677767206D+00      -0.256743649124D-01
        BC_CDiag(31)       0.166798782052D+00       0.182063385801D+00       0.129998169848D+00
        BC_CDiag(32)       0.751518394980D+00       0.703026102951D+00       0.891409172640D-01
        BC_CDiag(33)       0.317904765674D+00       0.231299121205D+00      -0.187492267120D+00
        BC_CDiag(34)       0.371565822582D+00       0.357156658318D+00       0.128801273677D+04
        BC_CDiag(35)       0.267293641385D+00       0.248424416999D+00       0.166744528862D-02
        BC_CDiag(36)       0.309403766452D+00       0.288897168208D+00       0.109227166590D-01
        BC_CDiag(37)       0.275229367106D+00       0.261029476492D+00       0.338249114836D-03
        BC_CDiag(38)       0.270859770746D+00       0.285388358191D+00      -0.725724992296D-02
        BC_CDiag(39)       0.243927434163D+00       0.235945335234D+00       0.564692240740D-02
        BC_CDiag(40)       0.284351246078D+00       0.272924752293D+00       0.540100184832D-02
        BC_CDiag(41)       0.276993874010D+00       0.265697987276D+00      -0.541167744670D-02
        BC_CDiag(42)       0.278601393174D+00       0.266185966971D+00      -0.349629202760D-03
        BC_CDiag(43)       0.393046249410D+00       0.348374230259D+00       0.587468136064D-02
        BC_CDiag(44)       0.614135590447D+00       0.573695267539D+00       0.688726286802D-02
        BC_CDiag(45)       0.320143320686D+00       0.342516297806D+00      -0.144299276018D+00
        BC_CDiag(46)       0.578020829487D+00       0.569179386345D+00      -0.483811882737D-01
        BC_CDiag(47)       0.313543344633D+00       0.294113936993D+00       0.129234568396D+00
        BC_CDiag(48)       0.123831371681D+00       0.114207520506D+00      -0.349202625689D-01
        BC_CDiag(49)       0.500038139096D+00       0.472177430609D+00      -0.968341337414D-01
        BC_CDiag(50)       0.384982494580D+00       0.363908820123D+00       0.224193613990D+00
        BC_CDiag(51)       0.227585918352D+00       0.154237510077D+00       0.116654529903D-01
        BC_CDiag(52)       0.421478354626D+00       0.368281572299D+00       0.112826067973D+00
        BC_CDiag(53)       0.537629255262D+00       0.558453805215D+00       0.556986428942D-01
        BC_CDiag(54)       0.636033198728D+00       0.658497093720D+00      -0.648694393578D-01
        BC_CDiag(55)       0.253575162569D+00       0.246430493111D+00      -0.109369230119D-01
        BC_CDiag(56)       0.325139141854D+00       0.319641132132D+00      -0.149863321148D-01
        BC_CDiag(57)       0.265361038629D+00       0.258998097122D+00       0.263054418423D-03
        BC_CDiag(58)       0.315004878748D+00       0.295269363953D+00       0.103608799599D-01
        BC_CDiag(59)       0.267639693030D+00       0.249018466204D+00       0.100637671775D-02
        BC_CDiag(60)       0.326617933526D+00       0.317944909279D+00      -0.262458214607D-01
        BC_CDiag(61)       0.935957804055D-01       0.928849117309D-01      -0.409285072025D-02
        BC_CDiag(62)       0.269927689747D+00       0.249962431569D+00      -0.137277257653D-03
        BC_CDiag(63)       0.192812261354D+00       0.190268032698D+00      -0.943750847986D-01
        BC_CDiag(64)       0.324359905890D+00       0.287747038219D+00      -0.467304828125D-01
        BC_CDiag(65)       0.446971785606D+00       0.397376057254D+00       0.460876099239D+00
        BC_CDiag(66)       0.267081281506D+00       0.286682316878D+00       0.727922222799D-01
        BC_CDiag(67)       0.364411871443D+00       0.361996722734D+00      -0.101403368472D+00
        BC_CDiag(68)       0.580636867925D+00       0.556245536919D+00      -0.466916260982D-01
        BC_CDiag(69)       0.331655927392D+00       0.298601580081D+00       0.651608165628D-01
        BC_CDiag(70)       0.258825803102D+00       0.264782338642D+00       0.407438541475D-01
        BC_CDiag(71)       0.158757538631D+00       0.169031665516D+00       0.609489699117D-02
        BC_CDiag(72)       0.161570952046D+00       0.146866848260D+00      -0.400706074468D-01
        BC_CDiag(73)       0.267621263117D+00       0.269953960093D+00      -0.166610960403D+00
        BC_CDiag(74)       0.601636852953D+00       0.628018585547D+00      -0.841462816565D-01
        BC_CDiag(75)       0.260615285461D+00       0.261831855788D+00       0.479014392628D-02
        BC_CDiag(76)       0.345603975326D+00       0.351663606454D+00      -0.493624042631D-01
        BC_CDiag(77)       0.381828970621D+00       0.372721686239D+00      -0.317297609544D-01
        BC_CDiag(78)       0.535713816802D+00       0.544157824070D+00       0.173766273169D-01
        BC_CDiag(79)       0.296946398708D+00       0.286534276954D+00      -0.457435313037D-01
        BC_CDiag(80)       0.309923320625D+00       0.298842228875D+00      -0.272398642583D-01
        BC_CDiag(81)       0.276374823363D+00       0.264760979496D+00       0.688888669563D-02
        BC_CDiag(82)       0.277748393918D+00       0.266078842831D+00       0.831711018718D-01
        BC_CDiag(83)       0.282239469610D+00       0.277475046848D+00       0.158002232126D-02
        BC_CDiag(84)       0.288317058620D+00       0.269985277733D+00      -0.157284156372D-01
        BC_CDiag(85)       0.320115141488D+00       0.347294877833D+00       0.342872082953D-01
        BC_CDiag(86)       0.292300042178D+00       0.303268168467D+00       0.199847862137D-01
     BC_COffDiag(01)       0.111359406071D+01       0.107165130624D+01      -0.292688524150D-01
     BC_COffDiag(02)       0.247776571872D+01       0.264128530141D+01      -0.216554968400D+00
     BC_COffDiag(03)       0.141524972182D+01       0.138146036816D+01       0.728543628435D-01
     BC_COffDiag(04)       0.328938923487D+00       0.316946889716D+00       0.930697259404D-02
     BC_COffDiag(05)       0.246294020435D+01       0.245838810778D+01       0.229714874853D-03
     BC_COffDiag(06)       0.100618565439D+01       0.989329886655D+00       0.604414528332D-02
     BC_COffDiag(07)       0.438229914966D+00       0.431079750627D+00      -0.319469520233D-01
     BC_COffDiag(08)       0.163004174247D+01       0.162180585889D+01       0.910557676542D-02
     BC_COffDiag(09)      -0.202349554850D+00      -0.243062154247D+00      -0.788940877744D-01
     BC_COffDiag(10)       0.962098355091D+00       0.925799270344D+00       0.305011492502D-01
     BC_COffDiag(11)       0.282609597945D+01       0.281100180218D+01      -0.417538096971D-01
     BC_COffDiag(12)       0.282057315126D+01       0.281728591440D+01       0.476393484558D-03
     BC_COffDiag(13)       0.182308498793D+01       0.182225900772D+01      -0.796080005891D-02
     BC_COffDiag(14)       0.280091997883D+00       0.252328975983D+00       0.365125524310D-01
     BC_COffDiag(15)       0.802172143406D+00       0.790241258348D+00       0.546237621324D-01
     BC_COffDiag(16)       0.109740643853D+01       0.109108758688D+01      -0.303269589289D-02
     BC_COffDiag(17)       0.252767544651D+01       0.252113572848D+01      -0.235439164858D-02
     BC_COffDiag(18)       0.588816157115D-01       0.826430340632D-01      -0.891028795155D-02
     BC_COffDiag(19)       0.182185905403D+00       0.142386716066D+00      -0.175381147174D-01
     BC_COffDiag(20)       0.503161605295D+00       0.513778415432D+00      -0.211578283640D-01
     BC_COffDiag(21)       0.203328190750D+01       0.202792308710D+01       0.197122760369D-02
     BC_COffDiag(22)       0.229256563418D+01       0.228776530955D+01       0.512887653091D-02
     BC_COffDiag(23)       0.202921495076D+01       0.202053530569D+01      -0.468851425133D-03
     BC_COffDiag(24)       0.282731216155D+01       0.280459417905D+01      -0.239416902139D-05
     BC_COffDiag(25)       0.583571402220D+00       0.573555372712D+00      -0.578881254078D-05
     BC_COffDiag(26)       0.170839577609D+01       0.170260120543D+01      -0.337036250412D-05
     BC_COffDiag(27)       0.165141955080D+01       0.164549996778D+01      -0.344301286254D-05
     BC_COffDiag(28)       0.552091189559D+00       0.541860998712D+00      -0.590784832105D-05
     BC_COffDiag(29)       0.130460101284D+01       0.129778438831D+01      -0.396426101662D-05
     BC_COffDiag(30)       0.676637843179D+00       0.667202569987D+00      -0.546362473351D-05
     BC_COffDiag(31)       0.253027185636D+01       0.252582800781D+01      -0.258354314798D-05
     BC_COffDiag(32)       0.132045098097D+01       0.131368134193D+01      -0.393676796130D-05
     BC_COffDiag(33)       0.176223201446D+01       0.175655076430D+01      -0.330433610423D-05
     BC_COffDiag(34)       0.771841251435D+00       0.762930876892D+00      -0.516680147083D-05
     BC_COffDiag(35)       0.181998074308D+01       0.181441617401D+01      -0.323652818747D-05
     BC_COffDiag(36)       0.879036149489D+00       0.870648142300D+00      -0.486943584411D-05
     BC_COffDiag(37)       0.217896191037D+01       0.217402674539D+01      -0.286969554688D-05
     BC_COffDiag(38)       0.227329506289D+01       0.226850223332D+01      -0.278678167616D-05
     BC_COffDiag(39)       0.244726410319D+01       0.244271323961D+01      -0.264583219352D-05
     BC_COffDiag(40)       0.158166696286D+01       0.157558670943D+01      -0.353665174791D-05
     BC_COffDiag(41)       0.504369860255D+00       0.493795563586D+00      -0.609776185295D-05
     BC_COffDiag(42)       0.824091958854D+00       0.815444446895D+00      -0.501757506606D-05
     BC_COffDiag(43)       0.278221271780D+01       0.277806483637D+01      -0.241090469560D-05
     BC_COffDiag(44)       0.732510989985D+00       0.723391405410D+00      -0.528555549478D-05
     BC_COffDiag(45)       0.282626574852D+01       0.281958013062D+01      -0.238474635838D-05
     BC_COffDiag(46)       0.174529101341D+01       0.173957458595D+01      -0.332485268907D-05
     BC_COffDiag(47)       0.275971281067D+01       0.275554011552D+01      -0.242544114621D-05
     BC_COffDiag(48)       0.415463083428D+00       0.404175858672D+00      -0.648690950600D-05
     BC_COffDiag(49)       0.151334336971D+01       0.150709693144D+01      -0.363320998462D-05
     BC_COffDiag(50)       0.490648728537D+00       0.479970823514D+00      -0.615485181944D-05
     BC_COffDiag(51)       0.255109163229D+01       0.254667383518D+01      -0.256820969607D-05
     BC_COffDiag(52)       0.199106789625D+00       0.185539960126D+00      -0.768301587627D-05
     BC_COffDiag(53)       0.250989372986D+01       0.250542407859D+01      -0.259845363209D-05
     BC_COffDiag(54)       0.263238872283D+01       0.262806979451D+01      -0.251062255238D-05
     BC_COffDiag(55)       0.271945856210D+01       0.271524071915D+01      -0.245170277197D-05
     BC_COffDiag(56)       0.558625215892D+00       0.548440283605D+00      -0.588268417771D-05
     BC_COffDiag(57)       0.139937210706D+01       0.139282694820D+01      -0.380682145028D-05
     BC_COffDiag(58)       0.992969350035D+00       0.985071070432D+00      -0.458861646956D-05
     BC_COffDiag(59)       0.240855378432D+01       0.240395122335D+01      -0.267611126705D-05
     BC_COffDiag(60)       0.154037401249D+01       0.153419441157D+01      -0.359434212471D-05
     BC_COffDiag(61)       0.278261014834D+01       0.277846269922D+01      -0.241074797986D-05
     BC_COffDiag(62)       0.749115797007D+00       0.740085781371D+00      -0.523462577872D-05
     BC_COffDiag(63)       0.944461755513D+00       0.936362403324D+00      -0.470401713717D-05
     BC_COffDiag(64)       0.541852636848D+00       0.531550669913D+00      -0.594735917522D-05
     BC_COffDiag(65)       0.636710088584D+00       0.627034641251D+00      -0.559833312585D-05
     BC_COffDiag(66)       0.267323105030D+01       0.266896013921D+01      -0.248270705927D-05
     BC_COffDiag(67)       0.179400338992D+01       0.178838693310D+01      -0.326663774751D-05
     BC_COffDiag(68)       0.169354046405D+01       0.168771381712D+01      -0.338904893310D-05
     BC_COffDiag(69)       0.311010329905D+00       0.298737587243D+00      -0.701368572677D-05
     BC_COffDiag(70)       0.272990502568D+01       0.272569899138D+01      -0.244486780695D-05
     BC_COffDiag(71)       0.195740388371D+01       0.195209846665D+01      -0.308552097046D-05
     BC_COffDiag(72)       0.127722262850D+01       0.127032325280D+01      -0.401225368237D-05
     BC_COffDiag(73)       0.176094482122D+01       0.175526091119D+01      -0.330589458708D-05
     BC_COffDiag(74)       0.146762660588D+01       0.146126373026D+01      -0.370087992214D-05
     BC_COffDiag(75)       0.713259098081D+00       0.704033279638D+00      -0.534545987526D-05
     BC_COffDiag(76)       0.952758126983D+00       0.944693914969D+00      -0.468399536212D-05
     BC_COffDiag(77)       0.159059896500D+01       0.158453977666D+01      -0.352428933458D-05
     BC_COffDiag(78)       0.811499762193D+00       0.802790394867D+00      -0.505251088401D-05
     BC_COffDiag(79)       0.956075614844D+00       0.948025360603D+00      -0.467614061406D-05
     BC_COffDiag(80)       0.145881375555D+01       0.145242792395D+01      -0.371414867693D-05
     BC_COffDiag(81)       0.461308831037D+00       0.450401823960D+00      -0.628032933036D-05
     BC_COffDiag(82)       0.280688440403D+01       0.280275977125D+01      -0.239516866032D-05
     BC_COffDiag(83)       0.277862252550D+01       0.277447070519D+01      -0.241326383376D-05
     BC_COffDiag(84)       0.156556517069D+01       0.155944656604D+01      -0.355899166433D-05
     BC_COffDiag(85)       0.158077669383D+01       0.157469433121D+01      -0.353779695552D-05
                  LValue0       0.161820138246D+02
                   LValue       0.144091665634D+02
