           Var. Name                       x0                        x                 Gradient
             MUE(01)       0.663914676000D+01       0.663914676000D+01      -0.319367561910D+00
             MUE(02)       0.399993986638D+01       0.399993986638D+01      -0.528776940110D-01
             MUE(03)      -0.329399247034D+01      -0.329399247034D+01      -0.203301887842D-01
             MUE(04)      -0.899278916597D+01      -0.899278916597D+01       0.660872242046D-01
             MUE(05)       0.134594808679D+01       0.134594808679D+01      -0.113589657837D-02
    mue_month(01,01)       0.000000000000D+00       0.000000000000D+00      -0.893799072167D-01
    mue_month(01,02)       0.000000000000D+00       0.000000000000D+00      -0.555337733628D-02
    mue_month(01,03)       0.000000000000D+00       0.000000000000D+00       0.203149471160D-01
    mue_month(01,04)       0.000000000000D+00       0.000000000000D+00       0.185395422041D-01
    mue_month(01,05)       0.000000000000D+00       0.000000000000D+00       0.178819978370D-01
    mue_month(01,06)       0.000000000000D+00       0.000000000000D+00      -0.757660995399D-01
    mue_month(01,07)       0.000000000000D+00       0.000000000000D+00       0.226950496467D-02
    mue_month(01,08)       0.000000000000D+00       0.000000000000D+00       0.234449624757D-01
    mue_month(01,09)       0.000000000000D+00       0.000000000000D+00       0.165292224117D-01
    mue_month(01,10)       0.000000000000D+00       0.000000000000D+00       0.225704747320D-01
    mue_month(01,11)       0.486052296525D-02       0.486052296525D-02      -0.379377414852D-01
    mue_month(02,01)       0.491488160038D-02       0.491488160038D-02       0.823356774687D-02
    mue_month(02,02)       0.494590403582D-02       0.494590403582D-02      -0.755564963783D-02
    mue_month(02,03)       0.494726062135D-02       0.494726062135D-02       0.189998646046D-01
    mue_month(02,04)       0.493973832881D-02       0.493973832881D-02       0.246438669108D-02
    mue_month(02,05)      -0.446174018189D+01      -0.446174018189D+01      -0.179980126778D-01
    mue_month(02,06)      -0.335894709048D+01      -0.335894709048D+01       0.966241478208D-03
    mue_month(02,07)       0.200200909361D+01       0.200200909361D+01      -0.674825085438D-02
    mue_month(02,08)       0.100302595884D+01       0.100302595884D+01       0.130773944590D-01
    mue_month(02,09)       0.504016561820D+00       0.504016561820D+00      -0.838753687540D-02
    mue_month(02,10)      -0.446138307698D+01      -0.446138307698D+01      -0.135905573561D-01
    mue_month(02,11)      -0.235853547825D+01      -0.235853547825D+01      -0.675138467773D-02
    mue_month(03,01)       0.300150720630D+01       0.300150720630D+01      -0.110122965816D-01
    mue_month(03,02)       0.200202452705D+01       0.200202452705D+01       0.759905620801D-02
    mue_month(03,03)       0.150240037920D+01       0.150240037920D+01      -0.407218723102D-02
    mue_month(03,04)      -0.446019654196D+01      -0.446019654196D+01      -0.128415668315D-01
    mue_month(03,05)      -0.135778000302D+01      -0.135778000302D+01      -0.491579202603D-02
    mue_month(03,06)       0.400119732597D+01       0.400119732597D+01      -0.669987687269D-02
    mue_month(03,07)       0.300151597362D+01       0.300151597362D+01       0.182325942118D-03
    mue_month(03,08)       0.250170860447D+01       0.250170860447D+01      -0.135172154679D-01
    mue_month(03,09)      -0.496044254982D+01      -0.496044254982D+01       0.701860063458D-02
    mue_month(03,10)      -0.355909377593D+00      -0.355909377593D+00      -0.432080794463D-02
    mue_month(03,11)       0.400119121198D+01       0.400119121198D+01      -0.125894952998D-01
    mue_month(04,01)       0.400121051268D+01       0.400121051268D+01      -0.140521122544D-02
    mue_month(04,02)       0.350131911797D+01       0.350131911797D+01      -0.735953626385D-02
    mue_month(04,03)      -0.496048793437D+01      -0.496048793437D+01       0.887344768993D-02
    mue_month(04,04)      -0.857342535017D+00      -0.857342535017D+00      -0.762909795423D-02
    mue_month(04,05)       0.400119714658D+01       0.400119714658D+01      -0.125598761681D-01
    mue_month(04,06)       0.500100887409D+01       0.500100887409D+01      -0.684812866140D-02
    mue_month(04,07)       0.350134974069D+01       0.350134974069D+01      -0.882076288318D-02
    mue_month(04,08)      -0.546059611362D+01      -0.546059611362D+01       0.123638963305D-01
    mue_month(04,09)      -0.857343218230D+00      -0.857343218230D+00      -0.119339075675D-01
    mue_month(04,10)       0.400119295698D+01       0.400119295698D+01      -0.167831499073D-01
    mue_month(04,11)       0.600086225775D+01       0.600086225775D+01      -0.682876073652D-02
    mue_month(05,01)       0.450110721419D+01       0.450110721419D+01      -0.164708281034D-01
    mue_month(05,02)      -0.446042548605D+01      -0.446042548605D+01       0.833838493801D-02
    mue_month(05,03)       0.144199747224D+00       0.144199747224D+00      -0.103721889131D-01
    mue_month(05,04)       0.400241526678D+01       0.400241526678D+01      -0.997896852751D-02
    mue_month(05,05)       0.700074965956D+01       0.700074965956D+01      -0.969172569103D-02
    mue_month(05,06)       0.550093655922D+01       0.550093655922D+01      -0.191540653373D-01
    mue_month(05,07)      -0.346017957065D+01      -0.346017957065D+01      -0.246163035901D-01
    mue_month(05,08)      -0.356106329743D+00      -0.356106329743D+00      -0.749702241679D-02
    mue_month(05,09)       0.500221130220D+01       0.500221130220D+01       0.157963216207D-02
    mue_month(05,10)       0.800066521113D+01       0.800066521113D+01      -0.289357697100D-02
    mue_month(05,11)       0.650080741010D+01       0.650080741010D+01       0.147445580509D-01
        InvCDiag(01)       0.573181589041D+00       0.573181589041D+00      -0.248157278942D+01
        InvCDiag(02)       0.520647301568D+00       0.520647301568D+00      -0.253920671563D+01
        InvCDiag(03)       0.565007116817D+00       0.565007116817D+00      -0.124211912430D+01
        InvCDiag(04)       0.498862119423D+00       0.498862119423D+00      -0.103281021111D+01
        InvCDiag(05)       0.460632363942D+00       0.460632363942D+00      -0.308423921528D+01
     InvCOffDiag(01)       0.164897621771D+01       0.164897621771D+01      -0.349932483851D-01
     InvCOffDiag(02)       0.164010055752D+01       0.164010055752D+01      -0.100689898344D+00
     InvCOffDiag(03)       0.173518631688D+01       0.173518631688D+01      -0.599297845178D+00
     InvCOffDiag(04)       0.152562481591D+01       0.152562481591D+01      -0.727565299164D+00
     InvCOffDiag(05)       0.169161564714D+01       0.169161564714D+01      -0.223980837579D+00
     InvCOffDiag(06)       0.160916463508D+01       0.160916463508D+01      -0.432414969127D+00
     InvCOffDiag(07)       0.170118083444D+01       0.170118083444D+01       0.176490083362D+00
     InvCOffDiag(08)       0.160346002686D+01       0.160346002686D+01      -0.128553628588D+01
     InvCOffDiag(09)       0.163546629603D+01       0.163546629603D+01       0.130195877335D+01
     InvCOffDiag(10)       0.167846456649D+01       0.167846456649D+01      -0.674557532722D+00
         BD_beta(01)      -0.344480610620D+00      -0.344480610620D+00      -0.302505778719D+00
         BD_beta(02)       0.113873140857D+01       0.113873140857D+01       0.928876883409D-01
         BD_beta(03)       0.109796082622D+01       0.109796082622D+01      -0.164591579728D+00
         BD_beta(04)       0.235665088722D+01       0.235665088722D+01      -0.242030588326D+00
         BD_beta(05)       0.598448938516D+00       0.598448938516D+00      -0.336077345029D-01
         BD_beta(06)      -0.513206085125D+00      -0.513206085125D+00      -0.267604305033D-01
         BD_beta(07)       0.125793441642D+01       0.125793441642D+01       0.262067372361D+00
         BD_beta(08)       0.977205860067D+00       0.977205860067D+00      -0.795682297827D+01
         BD_beta(09)       0.158943502111D+01       0.158943502111D+01      -0.441072992503D+00
         BD_beta(10)      -0.102488760655D+01      -0.102488760655D+01      -0.735847305488D-01
         BD_beta(11)      -0.282301415696D+00      -0.282301415696D+00       0.221059522425D-03
         BD_beta(12)       0.829531180703D+00       0.829531180703D+00       0.169710847675D+00
         BD_beta(13)      -0.102105349932D+01      -0.102105349932D+01      -0.701340274231D-02
         BD_beta(14)      -0.253149387942D+01      -0.253149387942D+01       0.814397203974D-03
         BD_beta(15)      -0.133400130876D+00      -0.133400130876D+00       0.315114167663D-01
         BD_beta(16)       0.280922686951D+00       0.280922686951D+00       0.163546720316D-01
         BD_beta(17)       0.300614007884D+00       0.300614007884D+00      -0.347223162603D-01
         BD_beta(18)       0.962014092951D+00       0.962014092951D+00      -0.165699786152D+00
         BD_beta(19)      -0.186893301031D+01      -0.186893301031D+01      -0.551863885808D-02
         BD_beta(20)      -0.135783171447D+01      -0.135783171447D+01      -0.288758133395D-01
         BD_beta(21)      -0.884746011317D-01      -0.884746011317D-01      -0.261440033972D-01
         BD_beta(22)       0.487643807368D+00       0.487643807368D+00      -0.178125184504D+00
         BD_beta(23)      -0.143705863230D+01      -0.143705863230D+01       0.226064500894D-01
         BD_beta(24)      -0.811927789993D-01      -0.811927789993D-01       0.676754210005D-01
         BD_beta(25)      -0.191289347663D+01      -0.191289347663D+01      -0.518802139501D-01
         BD_beta(26)      -0.128340150349D+01      -0.128340150349D+01       0.661729764611D-01
         BD_beta(27)       0.134219755375D+01       0.134219755375D+01      -0.167749918685D-01
         BC_beta(01)       0.499634318977D+01       0.499634318977D+01      -0.105300437073D-03
         BC_beta(02)      -0.101237012880D+01      -0.101237012880D+01       0.127203657332D+00
         BC_beta(03)       0.214187189146D+01       0.214187189146D+01      -0.814510895519D-01
         BC_beta(04)       0.141303622383D+01       0.141303622383D+01      -0.920312387530D-01
         BC_beta(05)      -0.827224991526D+00      -0.827224991526D+00      -0.122937786517D+00
         BC_beta(06)       0.514435899924D+00       0.514435899924D+00       0.277603685719D+00
         BC_beta(07)       0.348493714471D+01       0.348493714471D+01      -0.276619990036D-02
         BC_beta(08)       0.257691717389D+01       0.257691717389D+01       0.248291313711D-02
         BC_beta(09)       0.400060349693D+01       0.400060349693D+01       0.679384555377D-03
         BC_beta(10)      -0.124797999881D+01      -0.124797999881D+01      -0.262342117152D-01
         BC_beta(11)       0.499905132389D+01       0.499905132389D+01       0.501864877355D-03
         BC_beta(12)       0.499905057046D+01       0.499905057046D+01      -0.115078447792D-06
         BC_beta(13)       0.403394327401D+00       0.403394327401D+00       0.138000128165D+00
         BC_beta(14)       0.120777022758D+01       0.120777022758D+01      -0.402040535775D-01
         BC_beta(15)      -0.562082116961D+00      -0.562082116961D+00       0.281454477062D+00
         BC_beta(16)       0.119529678397D+00       0.119529678397D+00       0.404140886911D-01
         BC_beta(17)       0.138288618685D+00       0.138288618685D+00      -0.306871663678D+00
         BC_beta(18)       0.718256447259D-01       0.718256447259D-01       0.342719211637D+01
         BC_beta(19)      -0.887084775076D+00      -0.887084775076D+00      -0.764788192764D+01
         BC_beta(20)       0.144041278511D+01       0.144041278511D+01      -0.762814526090D-01
         BC_beta(21)       0.651372303793D+00       0.651372303793D+00       0.733175936194D+00
         BC_beta(22)       0.168568473719D+01       0.168568473719D+01       0.794678554777D-02
         BC_beta(23)       0.105527253033D+01       0.105527253033D+01      -0.137235257238D+01
         BC_beta(24)      -0.909274854412D+00      -0.909274854412D+00      -0.786100669876D+00
         BC_beta(25)       0.128462488268D+01       0.128462488268D+01       0.351411290064D-01
         BC_beta(26)       0.829372836600D+00       0.829372836600D+00      -0.109247594395D+01
         BC_beta(27)       0.242229545720D+01       0.242229545720D+01       0.370947337057D-01
         BC_beta(28)      -0.183627205182D+01      -0.183627205182D+01       0.824615610110D-02
         BC_beta(29)       0.192715838256D+00       0.192715838256D+00       0.441259325907D-01
         BC_beta(30)       0.934213896050D+00       0.934213896050D+00       0.143072618377D+00
         BC_beta(31)      -0.204745895119D+01      -0.204745895119D+01      -0.176694729990D-01
         BC_beta(32)       0.325746742300D+01       0.325746742300D+01       0.427692854196D-03
         BC_beta(33)       0.374691523838D+01       0.374691523838D+01      -0.415720362172D-03
         BC_beta(34)      -0.162812676700D+00      -0.162812676700D+00      -0.482159041607D-02
         BC_beta(35)       0.948718594410D+00       0.948718594410D+00       0.170154462454D+00
         BC_beta(36)      -0.947651811261D+00      -0.947651811261D+00      -0.372352982035D-01
         BC_beta(37)       0.795033168555D+00       0.795033168555D+00      -0.243427644878D-01
         BC_beta(38)      -0.181117453279D+00      -0.181117453279D+00       0.603132262599D-01
         BC_beta(39)       0.129847198289D+01       0.129847198289D+01       0.865570214870D-02
         BC_beta(40)       0.266367983295D+01       0.266367983295D+01      -0.224940479541D-02
         BC_beta(41)      -0.688280179487D+00      -0.688280179487D+00      -0.186325500726D-01
         BC_beta(42)       0.269734417420D-01       0.269734417420D-01       0.540099048700D-01
         BC_beta(43)       0.133938669722D+01       0.133938669722D+01      -0.330358932835D-02
         BC_beta(44)       0.295449567915D+01       0.295449567915D+01       0.391259524612D-03
         BC_beta(45)       0.356299918200D+01       0.356299918200D+01      -0.777139220180D-04
         BC_beta(46)       0.418063220838D+01       0.418063220838D+01       0.413671630858D-04
         BC_beta(47)       0.809445851267D+00       0.809445851267D+00       0.440212281328D-02
         BC_beta(48)       0.938483971066D+00       0.938483971066D+00       0.717235582792D-02
         BC_beta(49)       0.784025204605D+00       0.784025204605D+00      -0.197188636612D-01
         BC_beta(50)       0.111501243499D+00       0.111501243499D+00      -0.150438327012D-01
         BC_beta(51)       0.270413396868D+01       0.270413396868D+01       0.632019611754D-02
         BC_beta(52)       0.177345756063D+01       0.177345756063D+01      -0.758354752449D+00
         BC_beta(53)       0.816609444143D+00       0.816609444143D+00      -0.618025390310D+00
         BC_beta(54)       0.494483341583D+00       0.494483341583D+00      -0.742553148654D+01
         BC_beta(55)      -0.203057013043D+00      -0.203057013043D+00       0.317422693211D-03
         BC_beta(56)       0.541135919722D+00       0.541135919722D+00      -0.395829374791D-01
         BC_beta(57)       0.228941592908D-01       0.228941592908D-01       0.968317300293D-02
         BC_beta(58)       0.119274006561D+00       0.119274006561D+00      -0.415129269082D-01
         BC_beta(59)       0.192840508493D+01       0.192840508493D+01       0.476080928600D-01
         BC_beta(60)       0.295457333364D+01       0.295457333364D+01      -0.519331546001D-02
         BC_beta(61)       0.754669349264D+00       0.754669349264D+00      -0.253937423052D+00
         BC_beta(62)       0.729703094957D+00       0.729703094957D+00      -0.919995358595D-01
         BC_beta(63)       0.318887255632D+01       0.318887255632D+01       0.122047197555D-03
         BC_beta(64)      -0.942207386441D+00      -0.942207386441D+00       0.283993156713D-02
         BC_beta(65)       0.158180903979D+01       0.158180903979D+01       0.915794808630D-04
         BC_beta(66)       0.442858574199D+01       0.442858574199D+01      -0.235019319459D-05
         BC_beta(67)       0.166752436414D+01       0.166752436414D+01      -0.193625858897D-01
         BC_beta(68)       0.303475349644D+01       0.303475349644D+01      -0.399737912270D-03
         BC_beta(69)       0.301656700042D+01       0.301656700042D+01      -0.828108517625D-03
         BC_beta(70)       0.365896466996D+01       0.365896466996D+01      -0.444803952483D-04
         BC_beta(71)       0.581506143996D+00       0.581506143996D+00       0.180300472683D-01
         BC_beta(72)      -0.210650410543D+01      -0.210650410543D+01      -0.410257360877D-02
         BC_beta(73)      -0.104161933442D+01      -0.104161933442D+01       0.102545643377D-01
         BC_beta(74)       0.368944456387D+00       0.368944456387D+00      -0.395087904530D-01
         BC_beta(75)      -0.771946217281D+00      -0.771946217281D+00       0.118602114695D+00
         BC_beta(76)       0.258430413261D+01       0.258430413261D+01      -0.492059667301D-01
         BC_beta(77)       0.149806245197D+01       0.149806245197D+01      -0.853104933470D-01
         BC_beta(78)       0.128992741406D+01       0.128992741406D+01      -0.273208922051D-01
         BC_beta(79)      -0.761254544665D+00      -0.761254544665D+00       0.129465196129D-01
         BC_beta(80)      -0.902468499495D+00      -0.902468499495D+00       0.145748631049D-02
         BC_beta(81)       0.414661002291D+01       0.414661002291D+01       0.148871740681D-04
         BC_beta(82)      -0.272429934695D+00      -0.272429934695D+00      -0.306093999179D-01
         BC_beta(83)      -0.125455425390D+01      -0.125455425390D+01       0.539072738163D-01
         BC_beta(84)       0.598468459857D+00       0.598468459857D+00       0.763290479813D-02
         BC_beta(85)       0.168996298586D+00       0.168996298586D+00       0.419272424820D-01
         BC_beta(86)      -0.328319135366D-01      -0.328319135366D-01       0.887853473231D-01
         BC_beta(87)       0.805365921013D+00       0.805365921013D+00       0.636182907492D-01
         BC_beta(88)      -0.155000266694D+01      -0.155000266694D+01      -0.143553092074D-01
         BC_beta(89)       0.898077799680D+00       0.898077799680D+00      -0.112411890237D-02
         BC_beta(90)      -0.261658612101D+01      -0.261658612101D+01      -0.236539657958D-01
         BC_beta(91)       0.223048358833D+01       0.223048358833D+01      -0.585320977573D-02
         BC_beta(92)       0.148660019765D+01       0.148660019765D+01       0.858725345164D-03
         BC_beta(93)       0.257739500416D+01       0.257739500416D+01      -0.216840578628D-02
         BC_beta(94)       0.747207024309D+00       0.747207024309D+00      -0.166592903943D-01
         BC_beta(95)       0.139909861909D+01       0.139909861909D+01      -0.254930281153D-02
         BC_beta(96)      -0.248339209842D+00      -0.248339209842D+00      -0.146754339581D-01
         BC_beta(97)       0.196680291219D+01       0.196680291219D+01       0.399647592713D-02
         BC_beta(98)       0.382639286260D+00       0.382639286260D+00      -0.861342605287D-02
        BD_CDiag(01)      -0.575716500158D+00      -0.575716500158D+00       0.142205630931D+00
        BD_CDiag(02)       0.296184823208D+00       0.296184823208D+00      -0.898712463636D-01
        BD_CDiag(03)       0.483319772731D+00       0.483319772731D+00      -0.975973299686D+00
        BD_CDiag(04)       0.462096383976D+00       0.462096383976D+00      -0.433383919275D+00
        BD_CDiag(05)       0.533023562521D+00       0.533023562521D+00      -0.243259776845D-01
        BD_CDiag(06)       0.760669187318D+00       0.760669187318D+00      -0.602355795424D-02
        BD_CDiag(07)       0.245301048203D+00       0.245301048203D+00       0.398896657169D-01
        BD_CDiag(08)       0.505430169489D+00       0.505430169489D+00      -0.328455846071D+00
        BD_CDiag(09)       0.485604839218D+00       0.485604839218D+00      -0.829855399561D+00
        BD_CDiag(10)       0.708783700276D+00       0.708783700276D+00       0.575232791381D-01
        BD_CDiag(11)       0.993068581997D+00       0.993068581997D+00       0.115682511268D-01
        BD_CDiag(12)       0.725472681546D+00       0.725472681546D+00       0.327655731117D+00
        BD_CDiag(13)       0.169221554398D+00       0.169221554398D+00      -0.119081226203D-01
        BD_CDiag(14)       0.999080881152D+00       0.999080881152D+00      -0.204786885997D-01
        BD_CDiag(15)       0.136728143233D-01       0.136728143233D-01      -0.969334756450D-01
        BD_CDiag(16)       0.413070821178D+00       0.413070821178D+00      -0.297608397073D+00
        BD_CDiag(17)       0.196388872533D+00       0.196388872533D+00      -0.942142280390D-01
        BD_CDiag(18)       0.267780642926D+00       0.267780642926D+00       0.524995089104D-01
        BD_CDiag(19)       0.992576766471D+00       0.992576766471D+00      -0.151595708875D-01
        BD_CDiag(20)       0.938205356348D+00       0.938205356348D+00      -0.307017486639D-01
        BD_CDiag(21)       0.967276175888D+00       0.967276175888D+00      -0.477433491259D-01
        BD_CDiag(22)       0.399157095714D+00       0.399157095714D+00      -0.118120330343D+01
        BD_CDiag(23)       0.999218782829D+00       0.999218782829D+00      -0.368637288306D-01
        BD_CDiag(24)       0.752878865995D+00       0.752878865995D+00       0.286652851304D-01
        BD_CDiag(25)       0.924497422181D+00       0.924497422181D+00      -0.545704184568D-01
        BD_CDiag(26)       0.500158086374D+00       0.500158086374D+00      -0.161991120838D-01
        BD_CDiag(27)       0.154837494300D+00       0.154837494300D+00       0.417006269566D-01
     BD_COffDiag(01)       0.244269717850D+01       0.244269717850D+01      -0.620869153890D-01
     BD_COffDiag(02)       0.565289023722D+00       0.565289023722D+00       0.349410111999D-01
     BD_COffDiag(03)       0.282139990421D+01       0.282139990421D+01      -0.533141503037D-01
     BD_COffDiag(04)       0.175956852250D+01       0.175956852250D+01       0.429357190279D-01
     BD_COffDiag(05)       0.105812854585D+01       0.105812854585D+01       0.857945647630D-02
     BD_COffDiag(06)       0.268325255452D+01       0.268325255452D+01      -0.617498342474D-01
     BD_COffDiag(07)       0.143836521673D+01       0.143836521673D+01       0.112697151321D+00
     BD_COffDiag(08)       0.191211056972D+01       0.191211056972D+01      -0.178075624391D+00
     BD_COffDiag(09)       0.107880021906D+01       0.107880021906D+01       0.927129007219D-02
     BD_COffDiag(10)       0.208875424120D+01       0.208875424120D+01      -0.366708166245D-01
     BD_COffDiag(11)       0.133882452683D+01       0.133882452683D+01       0.197164027549D+00
     BD_COffDiag(12)       0.276497553781D+01       0.276497553781D+01       0.314754304601D-02
     BD_COffDiag(13)       0.131002936841D+01       0.131002936841D+01       0.346213992010D-02
     BD_COffDiag(14)       0.279678096404D+01       0.279678096404D+01       0.321306200427D-02
     BD_COffDiag(15)       0.134499199083D+01       0.134499199083D+01       0.561575147983D-01
     BD_COffDiag(16)       0.266918641819D+01       0.266918641819D+01      -0.516143553238D-01
     BD_COffDiag(17)       0.262484238415D+01       0.262484238415D+01      -0.683681553537D-02
     BD_COffDiag(18)       0.282480769406D+01       0.282480769406D+01       0.505819507637D-02
     BD_COffDiag(19)       0.208413110543D+01       0.208413110543D+01      -0.332520375602D-01
     BD_COffDiag(20)       0.153970061914D+01       0.153970061914D+01       0.270220458085D-01
     BD_COffDiag(21)       0.138697077622D+01       0.138697077622D+01      -0.131330433384D+00
     BD_COffDiag(22)       0.135012117920D+01       0.135012117920D+01       0.227538790571D-01
     BD_COffDiag(23)       0.181527056852D+01       0.181527056852D+01       0.265746190289D-01
     BD_COffDiag(24)       0.212123277243D+01       0.212123277243D+01      -0.454150944047D-02
     BD_COffDiag(25)       0.238536479206D+01       0.238536479206D+01       0.348423042300D-01
     BD_COffDiag(26)       0.159207936042D+01       0.159207936042D+01      -0.391037619219D-02
        BC_CDiag(01)       0.750673117186D+00       0.750673117186D+00       0.271247393650D-03
        BC_CDiag(02)       0.912857701423D+00       0.912857701423D+00      -0.131952296665D+00
        BC_CDiag(03)       0.100000000000D+01       0.100000000000D+01       0.536203425530D+00
        BC_CDiag(04)       0.992916848507D+00       0.992916848507D+00       0.524503306955D-01
        BC_CDiag(05)       0.498285940918D+00       0.498285940918D+00      -0.111993855443D+00
        BC_CDiag(06)       0.982045551269D+00       0.982045551269D+00      -0.122561220815D-01
        BC_CDiag(07)       0.992643182783D+00       0.992643182783D+00       0.762426114829D-02
        BC_CDiag(08)       0.167366191137D-01       0.167366191137D-01      -0.446027620022D-02
        BC_CDiag(09)       0.875392114300D+00       0.875392114300D+00      -0.113542546067D-02
        BC_CDiag(10)       0.815905886916D+00       0.815905886916D+00      -0.360875512486D-02
        BC_CDiag(11)       0.999071114911D+00       0.999071114911D+00      -0.169736720857D-02
        BC_CDiag(12)       0.119150721225D-02       0.119150721225D-02      -0.606849490446D-07
        BC_CDiag(13)       0.576799636291D+00       0.576799636291D+00       0.648393727977D+00
        BC_CDiag(14)       0.369417364646D-01       0.369417364646D-01       0.922269398342D-01
        BC_CDiag(15)       0.547269871198D+00       0.547269871198D+00      -0.593424532472D-01
        BC_CDiag(16)       0.444469433395D+00       0.444469433395D+00       0.155614732415D+00
        BC_CDiag(17)       0.431524248161D+00       0.431524248161D+00      -0.497883250607D-01
        BC_CDiag(18)       0.598428757415D+00       0.598428757415D+00       0.170484508348D+00
        BC_CDiag(19)       0.547461010764D+00       0.547461010764D+00       0.310177128066D+00
        BC_CDiag(20)       0.840963726759D+00       0.840963726759D+00       0.984516667953D-01
        BC_CDiag(21)       0.538844878982D+00       0.538844878982D+00      -0.180267235330D+00
        BC_CDiag(22)       0.387800964237D+00       0.387800964237D+00       0.559586878580D-01
        BC_CDiag(23)       0.442793204499D+00       0.442793204499D+00       0.707660234628D+00
        BC_CDiag(24)       0.158640819475D+00       0.158640819475D+00      -0.996197480840D-01
        BC_CDiag(25)       0.495135221013D+00       0.495135221013D+00      -0.749099718849D+00
        BC_CDiag(26)       0.418385948913D+00       0.418385948913D+00      -0.142299212814D+00
        BC_CDiag(27)       0.999035808925D+00       0.999035808925D+00      -0.372305906531D-01
        BC_CDiag(28)       0.752429037846D+00       0.752429037846D+00       0.118200274887D-01
        BC_CDiag(29)       0.524678324822D+00       0.524678324822D+00       0.284578591691D-01
        BC_CDiag(30)       0.370107354131D+00       0.370107354131D+00      -0.194419176615D+00
        BC_CDiag(31)       0.541809442720D+00       0.541809442720D+00      -0.659241899987D-01
        BC_CDiag(32)       0.999070799468D+00       0.999070799468D+00      -0.149014000018D-03
        BC_CDiag(33)       0.999076322548D+00       0.999076322548D+00       0.113030963000D-02
        BC_CDiag(34)       0.547135855184D+00       0.547135855184D+00       0.393703561936D-01
        BC_CDiag(35)       0.969717708846D+00       0.969717708846D+00      -0.822711322109D-02
        BC_CDiag(36)       0.911474974575D+00       0.911474974575D+00       0.616062486053D-01
        BC_CDiag(37)       0.567335903273D+00       0.567335903273D+00      -0.702477642249D-02
        BC_CDiag(38)       0.650338868107D+00       0.650338868107D+00       0.106580351874D+00
        BC_CDiag(39)       0.455696924086D+00       0.455696924086D+00      -0.140403578776D-01
        BC_CDiag(40)       0.628229635157D+00       0.628229635157D+00       0.140987561010D-02
        BC_CDiag(41)       0.999046822057D+00       0.999046822057D+00      -0.523567824649D-02
        BC_CDiag(42)       0.384533392958D+00       0.384533392958D+00       0.207172320258D-01
        BC_CDiag(43)       0.750539832352D+00       0.750539832352D+00      -0.856107513329D-03
        BC_CDiag(44)       0.119144639593D-02       0.119144639593D-02       0.567458776093D-03
        BC_CDiag(45)       0.999071375126D+00       0.999071375126D+00       0.192727559930D-03
        BC_CDiag(46)       0.999073577088D+00       0.999073577088D+00      -0.106033635664D-03
        BC_CDiag(47)       0.981600852700D+00       0.981600852700D+00      -0.943759314007D-03
        BC_CDiag(48)       0.723249168547D+00       0.723249168547D+00       0.123187006273D-01
        BC_CDiag(49)       0.905561268598D+00       0.905561268598D+00       0.106993322592D-01
        BC_CDiag(50)       0.372836766159D+00       0.372836766159D+00       0.818780478462D-01
        BC_CDiag(51)       0.999133149391D+00       0.999133149391D+00       0.921347417150D-02
        BC_CDiag(52)       0.985057893349D+00       0.985057893349D+00      -0.590901576470D-01
        BC_CDiag(53)       0.619901571266D+00       0.619901571266D+00      -0.281312316526D+00
        BC_CDiag(54)       0.495778617940D+00       0.495778617940D+00      -0.148656315131D+01
        BC_CDiag(55)       0.626754513304D+00       0.626754513304D+00      -0.149105518577D-01
        BC_CDiag(56)       0.717381418632D+00       0.717381418632D+00       0.173943221598D-01
        BC_CDiag(57)       0.581929784825D+00       0.581929784825D+00      -0.586882841792D-01
        BC_CDiag(58)       0.562950772261D+00       0.562950772261D+00      -0.175765689626D-01
        BC_CDiag(59)       0.758597839001D+00       0.758597839001D+00       0.932918333878D-02
        BC_CDiag(60)       0.573187005956D+00       0.573187005956D+00       0.175805789990D-02
        BC_CDiag(61)       0.473840016555D+00       0.473840016555D+00       0.328342155171D+00
        BC_CDiag(62)       0.500348082012D+00       0.500348082012D+00       0.323371462327D-01
        BC_CDiag(63)       0.999070508965D+00       0.999070508965D+00      -0.476683410140D-03
        BC_CDiag(64)       0.937921608364D+00       0.937921608364D+00       0.221990879136D-02
        BC_CDiag(65)       0.500983488007D+00       0.500983488007D+00      -0.513755069381D-03
        BC_CDiag(66)       0.119150544328D-02       0.119150544328D-02      -0.277135037836D-05
        BC_CDiag(67)       0.116749630399D-02       0.116749630399D-02      -0.568661976322D-01
        BC_CDiag(68)       0.119091206916D-02       0.119091206916D-02      -0.128432999320D-02
        BC_CDiag(69)       0.999074581289D+00       0.999074581289D+00       0.133544834886D-02
        BC_CDiag(70)       0.119148409286D-02       0.119148409286D-02      -0.723840214683D-04
        BC_CDiag(71)       0.969834079059D+00       0.969834079059D+00       0.774976822333D-03
        BC_CDiag(72)       0.257758350788D+00       0.257758350788D+00      -0.120459605543D-02
        BC_CDiag(73)       0.624875576968D+00       0.624875576968D+00       0.434973664553D-02
        BC_CDiag(74)       0.234841312533D+00       0.234841312533D+00       0.270664594206D-02
        BC_CDiag(75)       0.433969395664D+00       0.433969395664D+00      -0.549534574132D+00
        BC_CDiag(76)       0.671549465788D+00       0.671549465788D+00       0.783289015442D-01
        BC_CDiag(77)       0.573413517352D+00       0.573413517352D+00       0.641195029501D-01
        BC_CDiag(78)       0.590517162781D+00       0.590517162781D+00      -0.605104887127D-01
        BC_CDiag(79)       0.592216121608D+00       0.592216121608D+00       0.407104551731D-01
        BC_CDiag(80)       0.539112516171D+00       0.539112516171D+00       0.234729745846D-02
        BC_CDiag(81)       0.118610487456D-02       0.118610487456D-02      -0.229560954992D-04
        BC_CDiag(82)       0.641291965464D+00       0.641291965464D+00      -0.710748550940D-01
        BC_CDiag(83)       0.500962575959D+00       0.500962575959D+00      -0.268813143681D-01
        BC_CDiag(84)       0.656391532217D+00       0.656391532217D+00       0.402057589890D-02
        BC_CDiag(85)       0.521722711874D+00       0.521722711874D+00       0.230102054417D-01
        BC_CDiag(86)       0.773101614619D+00       0.773101614619D+00       0.127072836447D+00
        BC_CDiag(87)       0.135816222239D-01       0.135816222239D-01       0.860272147620D-01
        BC_CDiag(88)       0.813340288652D+00       0.813340288652D+00      -0.314719218043D-01
        BC_CDiag(89)       0.625440782716D+00       0.625440782716D+00      -0.129939762331D-01
        BC_CDiag(90)       0.815000601916D+00       0.815000601916D+00       0.104043099579D-01
        BC_CDiag(91)       0.999075192645D+00       0.999075192645D+00       0.212300940313D-02
        BC_CDiag(92)       0.750464299462D+00       0.750464299462D+00      -0.176429183351D-01
        BC_CDiag(93)       0.119124840324D-02       0.119124840324D-02      -0.561302229615D-03
        BC_CDiag(94)       0.984549611592D+00       0.984549611592D+00      -0.323774730677D-01
        BC_CDiag(95)       0.297214800847D+00       0.297214800847D+00       0.379055080214D-02
        BC_CDiag(96)       0.999008777142D+00       0.999008777142D+00       0.155760709280D-01
        BC_CDiag(97)       0.999117878831D+00       0.999117878831D+00      -0.837489961147D-02
        BC_CDiag(98)       0.885411544152D+00       0.885411544152D+00      -0.525664473721D-03
     BC_COffDiag(01)       0.164622654887D+01       0.164622654887D+01      -0.212158640101D+00
     BC_COffDiag(02)       0.281450512166D+01       0.281450512166D+01       0.577895359318D+00
     BC_COffDiag(03)       0.279610919268D+01       0.279610919268D+01      -0.301063377958D-02
     BC_COffDiag(04)       0.157772881184D+01       0.157772881184D+01      -0.641634123684D-01
     BC_COffDiag(05)       0.102516971586D+01       0.102516971586D+01       0.628569372758D-01
     BC_COffDiag(06)       0.885414475868D+00       0.885414475868D+00      -0.293697608172D-02
     BC_COffDiag(07)       0.282650120200D+01       0.282650120200D+01      -0.854681923847D-04
     BC_COffDiag(08)       0.182820623189D+01       0.182820623189D+01      -0.476173042642D-03
     BC_COffDiag(09)       0.282650584925D+01       0.282650584925D+01       0.566127828473D-02
     BC_COffDiag(10)       0.182820688686D+01       0.182820688686D+01       0.461966166287D-03
     BC_COffDiag(11)       0.173676622787D+01       0.173676622787D+01      -0.465066885649D-10
     BC_COffDiag(12)       0.201121155119D+01       0.201121155119D+01       0.885234779796D+00
     BC_COffDiag(13)       0.131521937322D+01       0.131521937322D+01       0.142979162712D-02
     BC_COffDiag(14)       0.279616860362D+01       0.279616860362D+01      -0.710696648618D-01
     BC_COffDiag(15)       0.573917490272D+00       0.573917490272D+00       0.237767553125D+00
     BC_COffDiag(16)       0.220321736883D+01       0.220321736883D+01       0.801582858289D-01
     BC_COffDiag(17)       0.217779657585D+01       0.217779657585D+01      -0.608779632900D+00
     BC_COffDiag(18)       0.159557046122D+01       0.159557046122D+01       0.285058275607D+00
     BC_COffDiag(19)       0.212658180313D+01       0.212658180313D+01       0.758252707272D-02
     BC_COffDiag(20)       0.230722383278D+01       0.230722383278D+01      -0.691782325021D-01
     BC_COffDiag(21)       0.134241132501D+01       0.134241132501D+01       0.498618030773D-01
     BC_COffDiag(22)       0.282469411673D+01       0.282469411673D+01       0.105419048214D+01
     BC_COffDiag(23)       0.279060010344D+01       0.279060010344D+01       0.560529663445D+00
     BC_COffDiag(24)       0.135229986146D+01       0.135229986146D+01      -0.764829216310D+00
     BC_COffDiag(25)       0.207317418917D+01       0.207317418917D+01      -0.130626856809D+00
     BC_COffDiag(26)       0.115463746733D+01       0.115463746733D+01      -0.165012091443D-01
     BC_COffDiag(27)       0.975236231310D+00       0.975236231310D+00       0.382142983093D-02
     BC_COffDiag(28)       0.227539064166D+01       0.227539064166D+01       0.282768097311D-01
     BC_COffDiag(29)       0.195464552169D+01       0.195464552169D+01      -0.954734344480D-02
     BC_COffDiag(30)       0.251655321134D+01       0.251655321134D+01       0.104274895258D-02
     BC_COffDiag(31)       0.257751532340D+01       0.257751532340D+01       0.381850411425D-02
     BC_COffDiag(32)       0.985978166341D+00       0.985978166341D+00      -0.186950035737D-02
     BC_COffDiag(33)       0.276841311613D+01       0.276841311613D+01       0.535000725925D-01
     BC_COffDiag(34)       0.204824820050D+01       0.204824820050D+01      -0.269473460455D+00
     BC_COffDiag(35)       0.251840156960D+01       0.251840156960D+01       0.360137220502D-01
     BC_COffDiag(36)       0.175414322645D+01       0.175414322645D+01       0.713583859971D-02
     BC_COffDiag(37)       0.862413047304D+00       0.862413047304D+00      -0.354340084246D-01
     BC_COffDiag(38)       0.199233690331D+01       0.199233690331D+01      -0.507251609842D-02
     BC_COffDiag(39)       0.282647903758D+01       0.282647903758D+01      -0.658287095485D-02
     BC_COffDiag(40)       0.173495463495D+01       0.173495463495D+01      -0.353878847141D-01
     BC_COffDiag(41)       0.208483291760D+01       0.208483291760D+01      -0.497372316089D-01
     BC_COffDiag(42)       0.939245865493D+00       0.939245865493D+00      -0.405734042884D-02
     BC_COffDiag(43)       0.282650126767D+01       0.282650126767D+01      -0.301327784565D-06
     BC_COffDiag(44)       0.232730836831D+01       0.232730836831D+01      -0.312297723168D-03
     BC_COffDiag(45)       0.182820643800D+01       0.182820643800D+01      -0.226327615100D-04
     BC_COffDiag(46)       0.166635363353D+01       0.166635363353D+01       0.736661806589D-03
     BC_COffDiag(47)       0.207240342263D+01       0.207240342263D+01      -0.152638430546D-01
     BC_COffDiag(48)       0.193637173246D+01       0.193637173246D+01      -0.303279721796D-01
     BC_COffDiag(49)       0.282651164498D+01       0.282651164498D+01       0.761770411423D-01
     BC_COffDiag(50)       0.880785889997D+00       0.880785889997D+00       0.126909469471D-01
     BC_COffDiag(51)       0.982982654607D+00       0.982982654607D+00       0.433114062078D-01
     BC_COffDiag(52)       0.278433251832D+01       0.278433251832D+01      -0.912917841527D+00
     BC_COffDiag(53)       0.259221104159D+01       0.259221104159D+01      -0.504960856848D+00
     BC_COffDiag(54)       0.481631214927D+00       0.481631214927D+00      -0.203155188600D-01
     BC_COffDiag(55)       0.926361156703D+00       0.926361156703D+00      -0.240130646672D-01
     BC_COffDiag(56)       0.377258279950D+00       0.377258279950D+00      -0.714665982539D-02
     BC_COffDiag(57)       0.260082378811D+01       0.260082378811D+01       0.863888950040D-02
     BC_COffDiag(58)       0.161916317491D+01       0.161916317491D+01       0.509407178007D-02
     BC_COffDiag(59)       0.163262426382D+01       0.163262426382D+01      -0.531489032419D-02
     BC_COffDiag(60)       0.114006282359D+01       0.114006282359D+01       0.309698538100D-01
     BC_COffDiag(61)       0.864976080291D+00       0.864976080291D+00       0.974723978230D-01
     BC_COffDiag(62)       0.182820771485D+01       0.182820771485D+01       0.194695311075D-03
     BC_COffDiag(63)       0.207799452152D+01       0.207799452152D+01       0.579847103770D-03
     BC_COffDiag(64)       0.182820697368D+01       0.182820697368D+01      -0.148656922774D-03
     BC_COffDiag(65)       0.203511125111D+01       0.203511125111D+01      -0.387878738934D-08
     BC_COffDiag(66)       0.282650127351D+01       0.282650127351D+01       0.133951933644D-04
     BC_COffDiag(67)       0.282650126789D+01       0.282650126789D+01       0.428836229591D-06
     BC_COffDiag(68)       0.282650068351D+01       0.282650068351D+01      -0.148035327975D-02
     BC_COffDiag(69)       0.282650126763D+01       0.282650126763D+01      -0.277171290704D-07
     BC_COffDiag(70)       0.172267364902D+01       0.172267364902D+01       0.102789835258D-01
     BC_COffDiag(71)       0.282650192488D+01       0.282650192488D+01       0.109312657961D-02
     BC_COffDiag(72)       0.282649987356D+01       0.282649987356D+01      -0.492261182379D-02
     BC_COffDiag(73)       0.282650006567D+01       0.282650006567D+01      -0.299990969338D-02
     BC_COffDiag(74)       0.279697759531D+01       0.279697759531D+01       0.101607133050D+00
     BC_COffDiag(75)       0.233194640232D+01       0.233194640232D+01      -0.249351627185D-01
     BC_COffDiag(76)       0.230193836047D+01       0.230193836047D+01       0.918246512771D-01
     BC_COffDiag(77)       0.473220802395D+00       0.473220802395D+00      -0.611464698078D-01
     BC_COffDiag(78)       0.244124236941D+01       0.244124236941D+01       0.700205509400D-01
     BC_COffDiag(79)       0.151286348299D+01       0.151286348299D+01       0.787437901347D-03
     BC_COffDiag(80)       0.282650300648D+01       0.282650300648D+01      -0.322360020161D-07
     BC_COffDiag(81)       0.877131278156D+00       0.877131278156D+00       0.469176138187D-02
     BC_COffDiag(82)       0.693563673708D+00       0.693563673708D+00       0.329173940647D-01
     BC_COffDiag(83)       0.190405268063D+01       0.190405268063D+01      -0.119256953178D-03
     BC_COffDiag(84)       0.924251668672D+00       0.924251668672D+00       0.890593240538D+00
     BC_COffDiag(85)       0.258328150929D+01       0.258328150929D+01      -0.610201764138D-01
     BC_COffDiag(86)       0.182820657999D+01       0.182820657999D+01       0.173379159708D-03
     BC_COffDiag(87)       0.253108311657D+01       0.253108311657D+01      -0.385554265328D-02
     BC_COffDiag(88)       0.195580593602D+01       0.195580593602D+01      -0.820542087477D-03
     BC_COffDiag(89)       0.282649141144D+01       0.282649141144D+01      -0.828997570969D-02
     BC_COffDiag(90)       0.282649708076D+01       0.282649708076D+01      -0.616841557743D-02
     BC_COffDiag(91)       0.282649585506D+01       0.282649585506D+01      -0.605549657460D-02
     BC_COffDiag(92)       0.282650126591D+01       0.282650126591D+01      -0.354745824484D-05
     BC_COffDiag(93)       0.265578978129D+01       0.265578978129D+01      -0.410696433001D-01
     BC_COffDiag(94)       0.232777774673D+01       0.232777774673D+01      -0.134414983068D-02
     BC_COffDiag(95)       0.120250261082D+01       0.120250261082D+01      -0.161303853984D-02
     BC_COffDiag(96)       0.231758173842D+01       0.231758173842D+01      -0.327127074607D-01
     BC_COffDiag(97)       0.170198583205D+01       0.170198583205D+01       0.352052534691D-01
     BD_month(01,01)      -0.992848293929D-01      -0.992848293929D-01      -0.779462753190D-01
     BD_month(01,02)       0.127781752785D+00       0.127781752785D+00       0.402865061448D-01
     BD_month(01,03)      -0.215795187339D+00      -0.215795187339D+00       0.123282744176D-01
     BD_month(01,04)       0.127517224046D+00       0.127517224046D+00      -0.102454123347D-01
     BD_month(01,05)       0.100211191008D+01       0.100211191008D+01      -0.225986055322D-02
     BD_month(01,06)       0.100210747159D+01       0.100210747159D+01      -0.105528370417D-02
     BD_month(01,07)       0.666835394686D-01       0.666835394686D-01       0.106260364359D+00
     BD_month(01,08)       0.713320062650D-02       0.713320062650D-02       0.302422502202D-01
     BD_month(01,09)      -0.926406545189D-01      -0.926406545189D-01      -0.215722683527D-01
     BD_month(01,10)       0.127808771539D+00       0.127808771539D+00      -0.115471012268D-02
     BD_month(01,11)      -0.292232395036D-01      -0.292232395036D-01       0.375815700147D-03
     BD_month(02,01)      -0.485831140959D-01      -0.485831140959D-01      -0.391115489169D-02
     BD_month(02,02)       0.100209357900D+01       0.100209357900D+01      -0.721969591477D-02
     BD_month(02,03)       0.502483075152D+00       0.502483075152D+00      -0.177635688427D-14
     BD_month(02,04)       0.252505601819D+00       0.252505601819D+00       0.604958103105D-02
     BD_month(02,05)      -0.531280851436D+00      -0.531280851436D+00       0.424894844606D-02
     BD_month(02,06)       0.252331469032D+00       0.252331469032D+00      -0.183911513438D-02
     BD_month(02,07)       0.133896743399D+00       0.133896743399D+00      -0.177373058735D-01
     BD_month(02,08)       0.502486302485D+00       0.502486302485D+00       0.143656097099D-02
     BD_month(02,09)       0.100211211342D+01       0.100211211342D+01       0.181259078944D-02
     BD_month(02,10)       0.502397823989D+00       0.502397823989D+00      -0.147806607963D-01
     BD_month(02,11)      -0.128735744808D+00      -0.128735744808D+00      -0.356635488214D-01
     BD_month(03,01)       0.653272129503D-01       0.653272129503D-01       0.169688108939D-01
     BD_month(03,02)       0.127653689519D+00       0.127653689519D+00       0.244696063220D-01
     BD_month(03,03)       0.502469784119D+00       0.502469784119D+00      -0.106940943391D-01
     BD_month(03,04)       0.100212233049D+01       0.100212233049D+01       0.145456175917D-01
     BD_month(03,05)       0.252566960772D+00       0.252566960772D+00      -0.210725927228D-02
     BD_month(03,06)      -0.747189632733D+00      -0.747189632733D+00      -0.447744274505D-01
     BD_month(03,07)      -0.210341994069D-02      -0.210341994069D-02       0.689518323103D-02
     BD_month(03,08)      -0.219300518697D+00      -0.219300518697D+00       0.440557553577D-01
     BD_month(03,09)       0.889390974687D-01       0.889390974687D-01      -0.490176868720D-02
     BD_month(03,10)       0.653101289225D-01       0.653101289225D-01      -0.207097661093D-02
     BD_month(03,11)       0.100210604874D+01       0.100210604874D+01      -0.428887500145D-02
     BD_month(04,01)      -0.238274655983D-01      -0.238274655983D-01       0.877196925333D-01
     BD_month(04,02)      -0.472144801397D-02      -0.472144801397D-02      -0.155296243618D-01
     BD_month(04,03)       0.483277550142D-01       0.483277550142D-01      -0.592693788280D-01
     BD_month(04,04)       0.502400449740D+00       0.502400449740D+00      -0.370359045014D-02
     BD_month(04,05)       0.502398455032D+00       0.502398455032D+00      -0.137368846380D-02
     BD_month(04,06)       0.157486209493D+00       0.157486209493D+00       0.317979068910D-03
     BD_month(04,07)       0.100208841044D+01       0.100208841044D+01       0.896655339701D-03
     BD_month(04,08)       0.100211347722D+01       0.100211347722D+01       0.399195110134D-02
     BD_month(04,09)      -0.233916144288D+00      -0.233916144288D+00       0.686959430363D-02
     BD_month(04,10)      -0.271541029958D-01      -0.271541029958D-01      -0.181660380908D-02
     BD_month(04,11)      -0.165440524063D+00      -0.165440524063D+00      -0.773042431066D-02
     BD_month(05,01)      -0.194718891107D-01      -0.194718891107D-01      -0.103464305980D-01
     BD_month(05,02)       0.502472706682D+00       0.502472706682D+00      -0.452277817381D-04
     BD_month(05,03)       0.502481004033D+00       0.502481004033D+00      -0.137111361198D-05
     BD_month(05,04)      -0.392511713125D+00      -0.392511713125D+00      -0.120163830909D-02
     BD_month(05,05)      -0.349339128095D-01      -0.349339128095D-01       0.196249907389D-01
     BD_month(05,06)       0.502288099151D+00       0.502288099151D+00       0.102599882031D-02
     BD_month(05,07)       0.652324284171D-01       0.652324284171D-01       0.528238606850D-02
     BD_month(05,08)       0.252585178955D+00       0.252585178955D+00      -0.145333016081D-01
     BD_month(05,09)       0.100211025506D+01       0.100211025506D+01      -0.138623758577D-03
     BD_month(05,10)       0.502283153957D+00       0.502283153957D+00      -0.118285652622D-02
     BD_month(05,11)      -0.519461632258D-01      -0.519461632258D-01      -0.128818461033D-01
     BD_month(06,01)       0.127529037238D+00       0.127529037238D+00       0.461585396671D-02
     BD_month(06,02)      -0.255195846411D+00      -0.255195846411D+00      -0.321255915554D-01
     BD_month(06,03)       0.127487631360D+00       0.127487631360D+00      -0.214901129716D-01
     BD_month(06,04)       0.502128738503D+00       0.502128738503D+00      -0.395605065122D-02
     BD_month(06,05)      -0.739043734958D+00      -0.739043734958D+00      -0.225321964761D-02
     BD_month(06,06)      -0.185629060678D+00      -0.185629060678D+00       0.138053130973D-01
     BD_month(06,07)       0.502212762714D+00       0.502212762714D+00      -0.134726464999D-01
     BD_month(06,08)       0.156421766454D+00       0.156421766454D+00      -0.489069096778D-01
     BD_month(06,09)       0.502406963314D+00       0.502406963314D+00      -0.129587333964D-01
     BD_month(06,10)       0.675944006339D-02       0.675944006339D-02       0.663478004439D-02
     BD_month(06,11)       0.127675416368D+00       0.127675416368D+00      -0.752654439431D-03
     BD_month(07,01)       0.127757536621D+00       0.127757536621D+00      -0.142985478460D-02
     BD_month(07,02)       0.502485172321D+00       0.502485172321D+00      -0.347226974094D-04
     BD_month(07,03)       0.252079897445D+00       0.252079897445D+00      -0.719429171565D-02
     BD_month(07,04)      -0.690803350827D+00      -0.690803350827D+00      -0.628919943232D-02
     BD_month(07,05)       0.252160636384D+00       0.252160636384D+00      -0.657205592765D-02
     BD_month(07,06)      -0.118544967456D+00      -0.118544967456D+00      -0.121102881327D-01
     BD_month(07,07)       0.782023981579D-02       0.782023981579D-02      -0.375866194149D-02
     BD_month(07,08)       0.502328435723D+00       0.502328435723D+00      -0.841215676804D-03
     BD_month(07,09)       0.252531019979D+00       0.252531019979D+00      -0.169623924859D-02
     BD_month(07,10)      -0.108586354795D+00      -0.108586354795D+00       0.872035623301D-02
     BD_month(07,11)       0.502144441696D+00       0.502144441696D+00       0.412994909493D-02
     BD_month(08,01)       0.252197512758D+00       0.252197512758D+00      -0.107071495216D-01
     BD_month(08,02)       0.502142923507D+00       0.502142923507D+00      -0.746136440864D-02
     BD_month(08,03)       0.100210942952D+01       0.100210942952D+01      -0.283041657605D-02
     BD_month(08,04)       0.502161307356D+00       0.502161307356D+00      -0.106937322849D-02
     BD_month(08,05)       0.119007639164D+00       0.119007639164D+00      -0.157790997729D-01
     BD_month(08,06)       0.502466089357D+00       0.502466089357D+00       0.666238926054D-02
     BD_month(08,07)      -0.991576265182D-01      -0.991576265182D-01      -0.599373345956D-01
     BD_month(08,08)      -0.542325691549D-01      -0.542325691549D-01      -0.878016758288D-01
     BD_month(08,09)       0.185871161857D-01       0.185871161857D-01       0.432441310651D-02
     BD_month(08,10)       0.502445267481D+00       0.502445267481D+00      -0.105332440711D-01
     BD_month(08,11)      -0.201332731101D+00      -0.201332731101D+00       0.128809474482D+00
     BD_month(09,01)      -0.503995340100D+00      -0.503995340100D+00       0.134557060683D-01
     BD_month(09,02)       0.671513232899D-02       0.671513232899D-02      -0.106726406957D+00
     BD_month(09,03)       0.502293254317D+00       0.502293254317D+00      -0.171564124429D-01
     BD_month(09,04)       0.252346996981D+00       0.252346996981D+00       0.484904861348D-02
     BD_month(09,05)       0.654289839357D-01       0.654289839357D-01       0.162075421762D+00
     BD_month(09,06)       0.252473061251D+00       0.252473061251D+00       0.576251212980D-03
     BD_month(09,07)       0.502484981768D+00       0.502484981768D+00       0.000000000000D+00
     BD_month(09,08)       0.651154045784D-01       0.651154045784D-01       0.102956637204D-02
     BD_month(09,09)      -0.617688674476D-01      -0.617688674476D-01       0.111714677510D-01
     BD_month(09,10)       0.502080742923D+00       0.502080742923D+00      -0.271297501344D-02
     BD_month(09,11)      -0.223264802613D-01      -0.223264802613D-01      -0.157043519232D-01
     BD_month(10,01)       0.502474757718D+00       0.502474757718D+00      -0.103174663966D-02
     BD_month(10,02)       0.502484849671D+00       0.502484849671D+00      -0.493448821113D-03
     BD_month(10,03)       0.252449640206D+00       0.252449640206D+00      -0.243598656879D-02
     BD_month(10,04)       0.157611127198D+00       0.157611127198D+00      -0.233084447754D+00
     BD_month(10,05)       0.736552022735D-01       0.736552022735D-01      -0.942037934468D-02
     BD_month(10,06)       0.252520090048D+00       0.252520090048D+00       0.107859591475D-02
     BD_month(10,07)       0.252499475605D+00       0.252499475605D+00      -0.185445663221D-02
     BD_month(10,08)       0.100211717061D+01       0.100211717061D+01       0.160370925787D-04
     BD_month(10,09)       0.252494763619D+00       0.252494763619D+00       0.389464972721D-02
     BD_month(10,10)       0.567335070892D+00       0.567335070892D+00      -0.375727929868D-01
     BD_month(10,11)       0.252538020486D+00       0.252538020486D+00      -0.163001990234D-02
     BD_month(11,01)      -0.952389880890D+00      -0.952389880890D+00       0.205452803040D-01
     BD_month(11,02)       0.338570936154D-01       0.338570936154D-01      -0.258708087923D-01
     BD_month(11,03)       0.561009359756D+00       0.561009359756D+00      -0.462756444321D-03
     BD_month(11,04)      -0.872102790505D+00      -0.872102790505D+00       0.482664270674D-03
     BD_month(11,05)      -0.468252339310D-01      -0.468252339310D-01      -0.302262653573D-01
     BD_month(11,06)      -0.301552636577D+00      -0.301552636577D+00       0.195911134289D-01
     BD_month(11,07)      -0.870751934571D-01      -0.870751934571D-01      -0.673128457238D-02
     BD_month(11,08)       0.252375959221D+00       0.252375959221D+00      -0.592770239754D-02
     BD_month(11,09)       0.252432345865D+00       0.252432345865D+00      -0.724457229002D-02
     BD_month(11,10)       0.252666457356D+00       0.252666457356D+00      -0.726324674315D-02
     BD_month(11,11)      -0.493731931059D+00      -0.493731931059D+00       0.210045364984D-02
     BD_month(12,01)       0.502482137881D+00       0.502482137881D+00       0.461891413148D-02
     BD_month(12,02)      -0.775037443955D+00      -0.775037443955D+00       0.213348178548D-02
     BD_month(12,03)       0.252450842442D+00       0.252450842442D+00      -0.104154318898D-02
     BD_month(12,04)       0.518854392371D+00       0.518854392371D+00       0.155196973436D-03
     BD_month(12,05)       0.355540807451D+00       0.355540807451D+00      -0.222814771490D-01
     BD_month(12,06)      -0.496151356057D+00      -0.496151356057D+00      -0.533971120715D-03
     BD_month(12,07)       0.140576619786D+01       0.140576619786D+01      -0.452677718507D-02
     BD_month(12,08)       0.281631755692D+00       0.281631755692D+00       0.231409572062D-03
     BD_month(12,09)       0.135792902537D+00       0.135792902537D+00       0.909863102950D-02
     BD_month(12,10)       0.252137040049D+00       0.252137040049D+00      -0.555191484355D-02
     BD_month(12,11)       0.127394585250D+00       0.127394585250D+00       0.709397259258D-02
     BD_month(13,01)       0.252574148520D+00       0.252574148520D+00      -0.141168332243D-02
     BD_month(13,02)       0.502321596436D+00       0.502321596436D+00       0.839182250769D-02
     BD_month(13,03)      -0.962082989703D+00      -0.962082989703D+00      -0.393883102568D-03
     BD_month(13,04)       0.210059287849D-01       0.210059287849D-01       0.141038897978D-01
     BD_month(13,05)       0.652006485194D-01       0.652006485194D-01       0.139340525738D-01
     BD_month(13,06)      -0.257830018411D+00      -0.257830018411D+00      -0.606673073273D-01
     BD_month(13,07)       0.600448905274D-02       0.600448905274D-02      -0.370766296857D-01
     BD_month(13,08)       0.502307127289D+00       0.502307127289D+00      -0.747314940068D-02
     BD_month(13,09)       0.502290247025D+00       0.502290247025D+00      -0.827793807321D-03
     BD_month(13,10)      -0.218261546966D+00      -0.218261546966D+00       0.110291286121D-02
     BD_month(13,11)       0.415248360762D-02       0.415248360762D-02      -0.158627487989D-01
     BD_month(14,01)       0.974860240123D+00       0.974860240123D+00      -0.735518687583D-01
     BD_month(14,02)       0.127667882762D+00       0.127667882762D+00      -0.314099598786D-02
     BD_month(14,03)       0.127599102354D+00       0.127599102354D+00      -0.331928708702D-02
     BD_month(14,04)      -0.766593714049D+00      -0.766593714049D+00       0.998091476421D-02
     BD_month(14,05)       0.252333765342D+00       0.252333765342D+00       0.229628022445D-02
     BD_month(14,06)       0.100211442775D+01       0.100211442775D+01      -0.776159284473D-02
     BD_month(14,07)       0.251367166527D+00       0.251367166527D+00      -0.201512578154D-01
     BD_month(14,08)       0.650361707395D-01       0.650361707395D-01      -0.558870068385D-02
     BD_month(14,09)       0.894235075488D-01       0.894235075488D-01      -0.375924506769D-02
     BD_month(14,10)       0.502444522873D+00       0.502444522873D+00      -0.144165500966D-01
     BD_month(14,11)       0.502479025083D+00       0.502479025083D+00      -0.135369891981D-02
     BD_month(15,01)       0.502482402129D+00       0.502482402129D+00      -0.108118847317D-02
     BD_month(15,02)      -0.272077897148D+00      -0.272077897148D+00       0.532903404772D-02
     BD_month(15,03)       0.288327688934D-01       0.288327688934D-01       0.205906844218D-01
     BD_month(15,04)       0.652447234612D-01       0.652447234612D-01       0.812006747040D-02
     BD_month(15,05)       0.340729116712D-01       0.340729116712D-01       0.436405224673D-03
     BD_month(15,06)       0.252616937860D+00       0.252616937860D+00      -0.183502758028D-02
     BD_month(15,07)       0.502482560636D+00       0.502482560636D+00      -0.250725333877D-02
     BD_month(15,08)       0.339946069269D-01       0.339946069269D-01      -0.637145699544D-02
     BD_month(15,09)      -0.476434431741D+00      -0.476434431741D+00      -0.785096067564D-03
     BD_month(15,10)       0.340056206986D-01       0.340056206986D-01      -0.105352502588D-02
     BD_month(15,11)       0.649058267764D-01       0.649058267764D-01      -0.248482629738D-01
     BD_month(16,01)      -0.312586038826D+00      -0.312586038826D+00      -0.115952584128D-01
     BD_month(16,02)       0.698831752577D+00       0.698831752577D+00      -0.572374124200D-02
     BD_month(16,03)       0.340175764085D-01       0.340175764085D-01      -0.354651276516D-03
     BD_month(16,04)       0.655991313562D-01       0.655991313562D-01      -0.396754865745D-01
     BD_month(16,05)       0.395641792270D-01       0.395641792270D-01       0.122713187505D-01
     BD_month(16,06)       0.469968433606D-02       0.469968433606D-02      -0.111237661258D-01
     BD_month(16,07)       0.502446312705D+00       0.502446312705D+00      -0.178965250109D-01
     BD_month(16,08)       0.127387996565D+00       0.127387996565D+00       0.224518539106D-02
     BD_month(16,09)       0.127387494536D+00       0.127387494536D+00      -0.790239396191D-03
     BD_month(16,10)       0.116003634138D+00       0.116003634138D+00       0.241966557043D-02
     BD_month(16,11)       0.502483818688D+00       0.502483818688D+00      -0.123897792935D-06
     BD_month(17,01)       0.252477184498D+00       0.252477184498D+00      -0.222289208163D-02
     BD_month(17,02)       0.639618748298D-01       0.639618748298D-01      -0.968744111223D-02
     BD_month(17,03)      -0.161940982296D-01      -0.161940982296D-01       0.963942308234D-02
     BD_month(17,04)       0.127774571370D+00       0.127774571370D+00      -0.796281046995D-02
     BD_month(17,05)       0.502480779524D+00       0.502480779524D+00       0.312097712590D-02
     BD_month(17,06)       0.502474592986D+00       0.502474592986D+00      -0.154938342663D-02
     BD_month(17,07)       0.172565080288D-01       0.172565080288D-01       0.128420041944D-01
     BD_month(17,08)       0.691405183090D-01       0.691405183090D-01       0.847423628303D-02
     BD_month(17,09)       0.932956119028D-01       0.932956119028D-01       0.177498392136D-02
     BD_month(17,10)       0.652363380291D-01       0.652363380291D-01       0.221076403998D-02
     BD_month(17,11)       0.252477235596D+00       0.252477235596D+00      -0.181094034230D-02
     BD_month(18,01)       0.502481401456D+00       0.502481401456D+00      -0.242832861685D-02
     BD_month(18,02)       0.127671549395D+00       0.127671549395D+00      -0.197591137477D-02
     BD_month(18,03)       0.536655755635D-01       0.536655755635D-01      -0.549868244031D-02
     BD_month(18,04)       0.252669639088D+00       0.252669639088D+00      -0.135270678540D-02
     BD_month(18,05)      -0.347845454775D+00      -0.347845454775D+00      -0.720691319501D-01
     BD_month(18,06)      -0.726086716612D+00      -0.726086716612D+00      -0.240122700646D-01
     BD_month(18,07)       0.502295873498D+00       0.502295873498D+00      -0.847995673644D-02
     BD_month(18,08)       0.502480651619D+00       0.502480651619D+00      -0.118916320041D-02
     BD_month(18,09)      -0.108730211371D+00      -0.108730211371D+00      -0.323456156355D-02
     BD_month(18,10)       0.252668966236D+00       0.252668966236D+00      -0.170622909517D-01
     BD_month(18,11)       0.121422132887D+00       0.121422132887D+00      -0.105042969124D-01
     BD_month(19,01)       0.100209366379D+01       0.100209366379D+01      -0.660610707378D-02
     BD_month(19,02)       0.252441521274D+00       0.252441521274D+00      -0.205268275869D-02
     BD_month(19,03)       0.502379182338D+00       0.502379182338D+00      -0.446843153170D-03
     BD_month(19,04)       0.502476769115D+00       0.502476769115D+00      -0.147596585599D-02
     BD_month(19,05)       0.502485207257D+00       0.502485207257D+00      -0.285889115165D-07
     BD_month(19,06)      -0.364908951645D+00      -0.364908951645D+00       0.458552629193D-01
     BD_month(19,07)       0.500323867064D+00       0.500323867064D+00      -0.664142817216D-02
     BD_month(19,08)       0.127500995744D+00       0.127500995744D+00       0.438344344562D-02
     BD_month(19,09)       0.502465518209D+00       0.502465518209D+00      -0.590253671172D-02
     BD_month(19,10)       0.502476819050D+00       0.502476819050D+00      -0.508112387990D-03
     BD_month(19,11)       0.502482386734D+00       0.502482386734D+00      -0.137138118833D-02
     BD_month(20,01)       0.986584380400D-01       0.986584380400D-01       0.858930699644D-03
     BD_month(20,02)       0.127462798803D+00       0.127462798803D+00       0.160285432485D-01
     BD_month(20,03)       0.341499162168D-01       0.341499162168D-01       0.192522547438D-02
     BD_month(20,04)       0.127516619935D+00       0.127516619935D+00       0.381279051282D-02
     BD_month(20,05)       0.252603970028D+00       0.252603970028D+00      -0.156208485063D-02
     BD_month(20,06)       0.100210956109D+01       0.100210956109D+01      -0.167616402912D-02
     BD_month(20,07)       0.502358373011D+00       0.502358373011D+00      -0.124752587019D-02
     BD_month(20,08)      -0.747193130256D+00      -0.747193130256D+00      -0.403669886680D-02
     BD_month(20,09)       0.340210589961D-01       0.340210589961D-01       0.132953288953D-02
     BD_month(20,10)      -0.117604898965D-01      -0.117604898965D-01      -0.140135388927D-01
     BD_month(20,11)      -0.761340953161D-01      -0.761340953161D-01      -0.126925414901D-01
     BD_month(21,01)       0.502392665015D+00       0.502392665015D+00      -0.786344910039D-02
     BD_month(21,02)       0.502359804365D+00       0.502359804365D+00      -0.749363079188D-03
     BD_month(21,03)      -0.983563634231D-01      -0.983563634231D-01      -0.292658294374D-01
     BD_month(21,04)       0.288484655301D-01       0.288484655301D-01      -0.308326475929D-01
     BD_month(21,05)       0.127824230414D+00       0.127824230414D+00      -0.821155469733D-02
     BD_month(21,06)       0.652891552621D-01       0.652891552621D-01      -0.278509869165D-02
     BD_month(21,07)       0.502111140846D+00       0.502111140846D+00       0.140457047514D-03
     BD_month(21,08)       0.502459044550D+00       0.502459044550D+00      -0.286545560632D-03
     BD_month(21,09)       0.502471780198D+00       0.502471780198D+00      -0.384783600881D-02
     BD_month(21,10)       0.502485170959D+00       0.502485170959D+00       0.000000000000D+00
     BD_month(21,11)      -0.735075610478D+00      -0.735075610478D+00       0.926306846804D-03
     BD_month(22,01)      -0.243208189616D-01      -0.243208189616D-01       0.195410509963D-01
     BD_month(22,02)      -0.747155624750D+00      -0.747155624750D+00      -0.186911410444D-01
     BD_month(22,03)       0.502453352885D+00       0.502453352885D+00      -0.202124833332D-01
     BD_month(22,04)       0.502477881614D+00       0.502477881614D+00      -0.174972904755D-02
     BD_month(22,05)       0.252542459756D+00       0.252542459756D+00      -0.180153829015D-01
     BD_month(22,06)       0.502444792698D+00       0.502444792698D+00      -0.455105103592D-02
     BD_month(22,07)       0.351444424206D-01       0.351444424206D-01       0.288616118757D-02
     BD_month(22,08)       0.287179713598D-01       0.287179713598D-01      -0.491108978251D-02
     BD_month(22,09)       0.341646575074D-01       0.341646575074D-01      -0.137756682203D-02
     BD_month(22,10)       0.127809763009D+00       0.127809763009D+00       0.131667965905D-02
     BD_month(22,11)       0.502481375269D+00       0.502481375269D+00      -0.421514237735D-03
     BD_month(23,01)       0.502452666138D+00       0.502452666138D+00      -0.133017308599D-02
     BD_month(23,02)      -0.496973072462D+00      -0.496973072462D+00      -0.151897825628D-01
     BD_month(23,03)       0.127659010574D+00       0.127659010574D+00      -0.152014956937D-04
     BD_month(23,04)      -0.916597944978D+00      -0.916597944978D+00      -0.385569046519D-03
     BD_month(23,05)       0.318547335389D+00       0.318547335389D+00      -0.145788487338D-01
     BD_month(23,06)       0.100211233753D+01       0.100211233753D+01      -0.392477852180D-02
     BD_month(23,07)       0.227134889916D+00       0.227134889916D+00       0.248899051515D-03
     BD_month(23,08)       0.227666516214D-02       0.227666516214D-02      -0.200337212691D-01
     BD_month(23,09)      -0.181404358841D+00      -0.181404358841D+00       0.495651156700D-02
     BD_month(23,10)      -0.357217015849D-01      -0.357217015849D-01      -0.643387084241D-02
     BD_month(23,11)       0.502480016055D+00       0.502480016055D+00      -0.157513800785D-02
     BD_month(24,01)       0.339654047780D-01       0.339654047780D-01      -0.926239287047D-02
     BD_month(24,02)       0.124967186420D+00       0.124967186420D+00       0.752710125475D-02
     BD_month(24,03)       0.100211025725D+01       0.100211025725D+01      -0.671276135916D-03
     BD_month(24,04)       0.502484553123D+00       0.502484553123D+00       0.000000000000D+00
     BD_month(24,05)       0.653706373838D-01       0.653706373838D-01       0.225699582293D-02
     BD_month(24,06)       0.502301221787D+00       0.502301221787D+00      -0.433465151992D-03
     BD_month(24,07)       0.252589215752D+00       0.252589215752D+00      -0.410971411225D-02
     BD_month(24,08)       0.502432719946D+00       0.502432719946D+00      -0.123703462360D-01
     BD_month(24,09)       0.502460630578D+00       0.502460630578D+00      -0.478842823047D-03
     BD_month(24,10)       0.502402170547D+00       0.502402170547D+00      -0.208619304023D-02
     BD_month(24,11)       0.502453003479D+00       0.502453003479D+00      -0.619972881383D-02
     BD_month(25,01)      -0.121971531933D+00      -0.121971531933D+00      -0.175481843434D-03
     BD_month(25,02)       0.252563949077D+00       0.252563949077D+00      -0.146617346667D-02
     BD_month(25,03)       0.412025483686D+00       0.412025483686D+00      -0.401187566584D-04
     BD_month(25,04)       0.502483404586D+00       0.502483404586D+00       0.141714371288D-02
     BD_month(25,05)       0.502316673456D+00       0.502316673456D+00       0.333187044275D-02
     BD_month(25,06)       0.502239182157D+00       0.502239182157D+00      -0.322614312922D-02
     BD_month(25,07)      -0.266116621460D+00      -0.266116621460D+00      -0.195001538421D-01
     BD_month(25,08)       0.321046503829D-02       0.321046503829D-02       0.852331607041D-02
     BD_month(25,09)      -0.296691611077D+00      -0.296691611077D+00       0.101172843273D-02
     BD_month(25,10)      -0.733983519817D+00      -0.733983519817D+00       0.165119687762D-01
     BD_month(25,11)       0.100211682236D+01       0.100211682236D+01      -0.880510061947D-03
     BD_month(26,01)       0.860507501723D+00       0.860507501723D+00      -0.379807576066D-02
     BD_month(26,02)      -0.179927987010D-01      -0.179927987010D-01      -0.348929073651D-01
     BD_month(26,03)      -0.137125055775D+00      -0.137125055775D+00      -0.821945595810D-02
     BD_month(26,04)      -0.575218951638D-01      -0.575218951638D-01      -0.419976130133D-01
     BD_month(26,05)       0.502339386048D+00       0.502339386048D+00      -0.423350644002D-02
     BD_month(26,06)       0.650860852249D-01       0.650860852249D-01      -0.143645589790D-03
     BD_month(26,07)       0.677175515147D-01       0.677175515147D-01       0.483849869239D-02
     BD_month(26,08)       0.252528000895D+00       0.252528000895D+00      -0.740122516300D-03
     BD_month(26,09)       0.502485348303D+00       0.502485348303D+00       0.000000000000D+00
     BD_month(26,10)       0.252354063727D+00       0.252354063727D+00      -0.472763543548D-02
     BD_month(26,11)       0.127575113073D+00       0.127575113073D+00       0.877843604349D-02
     BD_month(27,01)       0.252438128015D+00       0.252438128015D+00      -0.910420090062D-02
     BD_month(27,02)       0.297593748885D-01       0.297593748885D-01      -0.727578576694D-02
     BD_month(27,03)       0.502474010645D+00       0.502474010645D+00      -0.552900696124D-03
     BD_month(27,04)       0.100211038405D+01       0.100211038405D+01      -0.720789469491D-03
     BD_month(27,05)      -0.745323442693D+00      -0.745323442693D+00      -0.908884560947D-02
     BD_month(27,06)       0.138620094371D+00       0.138620094371D+00      -0.661205286834D-02
     BD_month(27,07)       0.502307328000D+00       0.502307328000D+00      -0.682081733277D-03
     BD_month(27,08)       0.460147706014D-02       0.460147706014D-02       0.962624285487D-02
     BD_month(27,09)       0.341345312977D-01       0.341345312977D-01       0.219889216459D-02
     BD_month(27,10)       0.502481346477D+00       0.502481346477D+00      -0.252078364555D-09
     BD_month(27,11)       0.113180504176D-01       0.113180504176D-01      -0.335544628540D-03
                  LValue0       0.148759332013-315
                   LValue      -0.110534252707D+02
